Build Time: 1.1147ms, Count Time: 1.0719692s, Total Time: 1.0730839s, Heap Usage: 535648
547
71112
149
28237
52307
106283
25403
3851
62277
4638
46277
48758
24397
75700
215767
17137
7
25893
8194
5
14412
16588
509
17757
14967
14916
6661
22663
3930
39562
10438
59702
34666
12198
8789
36458
8778
7417
994
21809
2878
7607
965
8
342
6514
26815
5548
15
4451
3186
7173
3252
4497
2800
2767
3627
2977
87
5095
4645
2060
13620
22110
4282
2052
85298
23289
5146
20314
5005
406
2410
3758
641
1072
2507
986
59474
697
16668
8091
7
696
13069
4578
4344
1590
131
10182
6939
15993
5800
9510
3058
11206
9016
2796
20925
0
8300
6055
6499
6775
6692
4812
102
3980
36119
2114
67773
3936
7912
7323
1
7186
2864
16754
859
32291
96
4329
5681
5878
2743
8788
344
322
8778
0
4587
2139
1
9713
2240
3216
1107
1494
247
346
27755
3424
16906
753
2454
19548
3145
57
44
145
15382
516
15205
755
776
1
1709
3132
3616
123
16586
6308
315
5237
2854
105321
168
11922
16827
4710
3458
0
10055
1958
359
190
29
2921
1528
1399
34868
2659
29058
2993
735
18327
1927
3528
22890
1850
4050
1639
765
1652
275
2099
11495
754
10879
737
