Build Time: 28.426ms, Count Time: 1.4660486s, Total Time: 1.4944746s, Heap Usage: 14669544
0
0
0
0
0
0
0
0
0
0
0
0
0
101
0
0
0
0
0
0
1
1
0
0
0
0
0
0
1
755
123
8
2
0
1
0
0
1
0
0
0
0
0
0
1
0
1
0
0
0
0
0
0
0
0
6
0
0
3
0
0
0
0
0
0
0
1
0
14
0
8
0
0
0
0
0
0
0
3
0
0
18
2
0
1
0
0
0
0
0
0
0
0
0
0
0
0
2
0
0
0
3
0
0
1
0
1
0
0
0
0
0
10
18
0
0
0
0
1
1
0
0
7
0
0
0
0
0
0
0
0
4
0
0
0
0
0
0
0
0
0
0
14
0
1
0
0
0
0
0
0
0
0
1
0
0
0
16
0
0
4
0
0
0
0
1
30
0
3
1
0
0
4
0
0
0
0
0
0
0
0
0
0
0
2
0
3
3
0
0
1
0
0
0
0
0
0
0
0
0
0
0
0
0
0
0
0
0
0
0
0
0
0
0
2
0
0
0
0
2
0
0
0
0
0
0
0
0
2
0
0
0
0
0
0
0
0
0
0
14
0
0
3
0
0
0
0
0
0
1
0
0
0
0
0
0
0
0
0
0
0
40
0
134
44
0
15
0
0
0
0
0
0
0
0
0
0
54
0
46
0
1
0
0
0
5
0
8
0
2
0
0
0
0
0
0
0
0
0
0
2
0
1
0
0
0
0
0
0
0
0
26
0
0
1
0
2
0
0
6
0
0
0
0
0
0
0
0
0
0
0
17
0
4
0
0
0
0
0
0
0
0
0
0
0
5
4
0
0
1
0
312
0
2
0
0
9
2
0
0
0
0
14
0
0
0
0
0
0
0
0
0
0
11
0
0
1
0
0
0
2
0
1
146
0
0
0
0
0
61
0
0
1
0
30
0
0
1
0
0
0
0
0
0
0
1
0
0
3
1
0
0
0
1
0
0
57
0
47
0
0
0
0
0
0
1
1
0
0
0
83
0
87
0
0
2
0
2
0
0
0
0
0
1
0
0
0
0
0
1
0
2
0
0
0
0
1
0
0
0
0
0
0
0
0
0
0
0
0
0
0
0
0
0
7
0
0
0
0
0
0
0
2
0
0
1
0
1
0
0
1
0
18
0
0
1
2
0
0
0
0
0
6
1
0
7
0
1
2
0
3
0
0
6
0
0
0
0
30
0
23
0
0
21
0
13
0
1
0
0
54
59
7
40
0
0
0
0
0
0
0
0
0
0
0
27
0
0
0
3
0
0
3
0
0
0
0
25
0
4
93
0
0
0
0
0
26
0
0
3
0
0
30
0
0
1
2
2
0
0
4
10
0
6
0
8
0
0
0
0
0
0
0
0
0
0
0
0
0
7
0
0
75
0
6
0
0
1
0
0
0
0
0
0
0
23
2
0
0
0
0
0
0
0
0
0
0
0
2
0
0
0
0
0
0
0
5
0
0
0
0
11
0
0
0
4
0
0
0
0
7
0
0
0
7
7
0
0
6
0
0
0
0
0
15
0
55
0
0
0
0
1
0
1
0
0
0
0
3
0
0
0
0
0
0
6
0
0
0
0
0
0
0
0
0
0
0
0
0
0
0
0
0
18
1
0
0
1
0
0
0
0
0
0
0
0
0
0
0
0
0
1
43
0
0
0
0
0
0
1
0
0
0
0
0
0
8
0
0
0
5
0
1
120
50
0
17
0
0
1
110
0
0
0
0
0
0
0
1
0
6
0
24
10
5
159
0
0
0
0
0
0
0
0
0
0
3
0
0
0
0
0
0
0
0
11
0
8
0
2
2
0
1
1
0
0
0
0
0
0
0
0
0
0
0
0
0
43
0
2
0
0
0
0
0
0
0
0
0
2
0
0
0
13
0
0
2
58
113
40
10
0
359
1
298
129
14
0
5
2
0
0
5
0
0
7
0
0
2
20
0
1
0
0
0
0
0
0
0
0
0
0
0
0
0
0
0
44
0
0
0
0
4
0
1
0
0
0
1
0
0
0
0
0
0
0
0
0
17
101
0
9
0
1
1
0
0
0
0
0
1
0
0
0
0
0
0
0
0
0
0
0
0
0
1
0
0
0
0
0
0
0
0
0
0
0
0
0
0
0
0
0
0
0
0
0
0
0
0
0
186
0
0
7
0
0
11
2
1
0
11
0
0
0
0
0
0
0
0
0
0
1
0
0
0
0
0
0
0
0
0
0
0
0
0
0
0
0
0
1
0
0
0
0
0
0
0
0
0
0
0
0
0
0
3
0
0
0
0
0
0
0
0
0
0
0
0
0
0
1
88
0
7
0
0
0
0
0
0
6
0
0
0
0
0
0
0
0
3
0
0
0
0
0
0
0
0
0
3
0
1
0
0
1
2
0
0
0
0
0
0
0
8
0
0
0
0
0
0
0
0
0
37
0
0
0
0
0
0
0
0
1
0
0
0
0
0
0
0
0
0
0
0
0
0
0
0
1
0
0
0
0
0
0
0
0
0
0
0
9
0
0
3
0
7
0
0
1
0
0
0
0
0
0
10
0
0
0
0
4
0
0
0
0
0
0
1
6
0
0
1
0
23
0
3
0
0
0
1
0
0
0
9
0
0
0
0
0
0
24
0
0
0
0
0
0
6
0
0
2
0
0
0
0
0
0
0
0
0
0
0
0
15
0
1
0
0
0
0
30
1
0
0
0
0
0
17
0
0
11
0
0
0
0
0
0
0
0
0
0
0
20
0
8
3
0
4
0
0
0
0
0
0
0
0
1
0
0
0
0
0
0
11
0
4
0
0
0
0
0
0
0
0
0
0
0
0
0
0
0
0
0
0
1
11
5
0
40
28
2
2
9
4
0
3
1
0
21
0
14
0
0
0
2
0
0
0
3
0
1
1
0
1
0
0
0
8
0
0
1
13
9
3
0
0
0
0
1
0
2
15
0
2
52
10
1
12
0
0
5
12
0
1
0
0
4
0
15
0
6
23
8
3
0
3
239
1
0
0
0
1
0
0
0
91
0
1
0
0
0
1
0
2
0
2
0
11
0
30
0
1
0
0
0
0
0
0
0
0
6
0
0
0
0
0
2
0
0
0
0
0
18
0
0
0
0
0
0
0
0
0
0
0
0
0
0
0
0
0
0
0
0
0
0
0
0
1
0
0
0
0
6
0
0
0
0
0
1
0
0
0
0
0
0
0
0
0
0
0
0
0
0
0
0
1
0
0
4
0
0
0
4
0
0
0
0
0
0
0
0
0
5
0
0
0
0
0
0
0
0
0
0
1
0
0
0
0
0
0
0
0
0
0
0
0
0
0
0
0
0
17
0
0
1
0
0
0
0
0
0
4
0
0
16
14
0
8
0
0
1
0
1
59
4
0
0
3
0
0
0
0
1
0
5
0
0
33
1
22
32
0
1
0
11
0
0
0
0
7
0
0
0
0
0
0
0
0
10
0
4
4
0
0
0
0
52
0
25
17
0
98
0
13
0
0
0
0
0
0
0
0
0
0
4
0
0
0
0
4
0
3
1
0
0
0
0
34
0
5
0
0
0
2
0
0
0
0
0
0
0
0
0
89
0
4
0
4
0
3
0
0
0
0
0
0
0
0
2
0
2
0
0
0
5
0
3
0
0
0
0
0
0
0
0
0
0
0
0
0
0
0
0
1
0
0
0
0
0
0
0
0
0
5
0
0
4
0
0
0
0
6
0
4
0
0
3
0
3
0
0
0
0
1
0
8
0
0
0
0
0
1
2
0
11
3
0
1
1
0
0
0
0
0
0
0
0
0
0
1
0
0
76
0
0
0
0
0
0
0
0
0
0
0
0
0
0
0
0
0
0
0
0
0
1
0
0
0
9
1
3
0
2
0
0
0
0
0
0
0
0
0
0
1
0
0
0
0
0
0
0
0
0
0
0
0
0
0
0
0
0
0
0
0
4
0
1
0
0
0
0
0
0
0
0
0
0
0
6
0
0
0
0
0
0
0
0
0
2
0
0
60
0
46
0
0
0
0
0
0
1
0
0
0
0
0
0
0
0
0
0
0
0
0
0
0
0
0
0
0
0
0
0
0
0
3
0
0
0
0
0
1
0
0
0
2
0
266
0
5
0
2
0
0
0
1
0
4
14
0
0
0
0
0
0
0
0
0
0
0
1
4
0
11
0
2
0
0
0
0
0
0
0
0
3
0
1
0
1
0
0
0
0
1
0
1
0
0
0
0
0
0
1
5
1
0
0
0
0
0
0
0
0
0
0
0
0
0
0
0
0
0
0
0
2
0
0
0
0
0
0
0
0
0
1
0
0
0
0
0
0
0
0
1
0
1
0
0
18
0
14
0
0
0
0
0
0
1
0
0
0
0
0
0
0
0
0
2
6
0
0
4
0
33
0
0
0
0
0
0
0
0
0
2
0
1
0
1
0
0
0
3
0
0
0
0
0
87
0
0
0
0
0
0
0
0
0
0
0
0
0
1
0
0
63
0
1
1
0
12
0
2
0
0
0
0
1
0
0
0
0
1
0
0
0
0
0
0
0
0
0
0
0
0
9
0
0
0
0
0
0
0
0
0
0
0
0
0
0
0
0
14
0
2
0
1
0
0
20
0
0
0
0
0
0
312
0
1
0
0
13
0
0
0
0
647
1
0
2
8
0
0
0
0
0
29
0
0
0
0
5
0
0
0
0
0
0
0
0
1
0
0
0
0
0
0
0
0
0
0
0
0
1
11
0
0
0
0
3
0
2
0
0
0
0
0
0
0
0
0
14
0
0
0
0
0
0
0
0
5
0
51
14
1098
0
0
0
0
4
0
0
0
375
0
0
0
1
0
2
0
0
0
0
6
0
0
0
0
0
64
0
0
4
0
0
1
0
2
0
0
0
0
6
0
0
0
0
0
0
0
0
0
0
2
0
0
1
4
0
0
0
0
0
0
0
0
0
0
0
0
1
0
0
0
0
0
0
0
0
0
0
0
5
0
1
0
0
0
0
0
1
0
0
0
1
0
0
0
1
0
0
0
0
0
1
0
0
0
0
0
0
0
2
0
0
0
0
0
7
0
0
12
0
0
0
1
0
0
0
0
0
0
0
0
0
0
0
0
0
0
0
15
0
0
0
0
0
0
0
0
110
3
1
0
0
0
0
0
0
0
0
0
0
0
1
0
0
0
0
0
0
0
0
0
0
0
0
0
0
0
0
0
1
45
2
56
0
0
53
0
0
1
0
0
0
0
0
0
0
4
14
1
0
0
0
0
0
0
1
0
2
1
0
0
10
0
0
2
0
0
0
0
0
0
0
8
0
1
0
0
1
0
0
0
0
0
0
0
39
773
0
757
0
0
0
0
1
6
0
0
0
0
0
0
0
0
0
1
5
0
0
0
0
0
0
0
0
0
0
0
0
0
0
1
0
0
0
0
0
0
0
0
0
0
0
0
0
0
1
0
17
0
0
0
17
0
0
0
0
0
0
0
0
24
0
0
0
0
19
0
0
0
0
1
0
0
0
0
2
0
0
0
0
0
22
0
0
0
0
0
1
0
0
0
0
0
0
0
0
0
0
0
0
3
4
0
2
0
0
0
0
9
0
1
1
0
0
0
13
31
15
0
2
3
0
4
0
2
33
5
0
313
2
0
25
13
0
0
1
2
0
0
0
3
0
0
0
1
0
6
0
0
12
1
0
0
0
1
0
0
1
0
15
0
0
5
2
0
0
1
0
0
0
0
4
1
13
0
4
0
0
0
0
0
0
0
0
0
0
2
0
22
0
2
0
0
0
1
0
0
0
5
19
0
0
2
0
0
1
1
13
0
0
7
0
6
1
0
0
0
1
1
0
0
0
0
22
1
24
0
1
0
0
0
0
0
0
1
0
0
0
0
0
0
0
0
0
0
0
0
0
0
0
0
0
0
0
0
3
0
0
0
0
0
0
0
1
0
0
0
0
0
0
0
9
0
0
0
0
0
0
0
0
0
0
0
0
1
0
0
1
0
0
0
0
0
0
0
0
0
0
0
0
0
0
0
0
0
0
0
0
0
0
0
