Build Time: 173.8µs, Count Time: 10.5023ms, Total Time: 10.6761ms, Heap Usage: 183338
7
50
0
17
185
764
63
0
18
9
97
46
12
96
0
37
0
220
51
0
9
95
0
25
67
49
5
206
41
185
2
1124
550
282
3
79
12
30
2
12
2
28
61
0
0
11
60
8
0
5
0
7
4
8
1
3
2
3
2
3
2
2
147
190
7
4
558
97
21
170
13
0
9
1
0
3
1
0
1449
0
719
19
0
0
22
6
76
0
0
21
6
178
94
28
5
6
354
1
85
0
40
13
242
11
13
16
0
9
1019
1
1019
3
3
27
0
11
0
6
2
454
0
17
3
17
0
114
0
0
50
0
1
6
0
14
2
22
0
7
0
0
22
0
160
0
3
39
0
0
0
0
73
0
3
0
0
0
0
22
0
1
37
8
0
113
65
2297
0
237
26
15
0
0
2
0
0
0
0
103
3
0
365
0
25
10
0
203
1
0
19
17
1
1
3
1
5
2
483
0
177
0
