Build Time: 151.1µs, Count Time: 3.9136ms, Total Time: 4.0647ms, Heap Usage: 183338
634
598
1
516
514
486
777
81
467
486
421
412
468
482
402
378
417
372
317
311
251
397
227
228
356
206
237
222
226
381
235
572
278
199
201
201
267
187
297
227
165
174
161
194
184
151
143
7
170
169
127
171
119
132
137
116
144
137
126
106
185
84
60
107
64
64
193
61
66
60
67
0
61
105
62
61
60
60
318
72
79
59
0
10
53
98
60
58
83
55
71
85
66
57
60
182
58
74
166
57
58
101
64
135
55
59
55
55
509
64
188
55
53
56
53
55
31
52
51
157
63
52
85
92
128
67
50
49
68
0
62
55
49
111
88
78
74
51
47
46
50
64
98
46
44
46
63
45
59
43
238
44
87
44
42
44
41
44
47
50
60
87
105
94
122
227
91
109
112
99
87
88
122
90
86
5
100
96
85
94
237
80
150
79
86
175
133
81
222
67
78
57
75
76
85
96
100
67
70
67
