Build Time: 259.4µs, Count Time: 19.364ms, Total Time: 19.6234ms, Heap Usage: 183338
0
3178
129
167
329
3473
1466
335
467
1938
2385
3823
6657
3834
3798
237
0
4372
138
0
885
1363
41
1745
334
771
111
217
64
271
76
1694
795
838
841
1161
1152
232
134
2196
219
413
9658
0
0
123
603
0
4
341
520
141
60
61
1375
184
138
306
0
32
101
22
226
480
275
205
2070
992
159
554
98
0
213
269
20
34
53
98
713
255
69
145
30
421
438
899
10
179
10
440
195
252
229
123
35
336
0
143
375
0
439
24
357
231
0
542
3
61
554
51
812
496
156
73
0
708
139
1590
490
836
9
29
96
84
392
4
0
250
110
0
0
58
0
423
1
1643
16
6
7
48
2090
57
182
8
173
29
961
5
0
2
1487
1
54
109
9
0
2
16
406
6
283
444
74
550
636
2008
190
2149
847
22
0
0
311
633
0
2
0
32
725
17
2054
5
1162
251
9
768
558
220
787
2695
272
3
776
4
0
0
133
0
292
21
