Build Time: 3.4546ms, Count Time: 821.0144ms, Total Time: 824.469ms, Heap Usage: 2953453
1
0
0
0
10
2
1
0
1
0
0
1
2
53
0
0
0
1
17
22
0
70
0
0
0
0
0
15
2
3
23
5
1
0
0
0
3
4
3
0
88
6
0
127
3
1
0
1
0
3
3
0
0
182
45
0
0
6
5
1
6
0
18
4
5
0
0
2
0
8
4
0
0
0
0
96
2
0
2
0
4
8
233
0
0
5
0
0
0
9
7
182
115
0
1
0
1
1096
1
29
0
3343
3
61
1
1
2931
23
10
45
0
464
0
10
2
0
2
1
1
0
72
1
0
3
1
0
0
7
634
19
134
2
8
5
103
30
4
50
20
0
2
7
1
6
4
0
0
1
0
43
0
0
0
25
0
0
11
0
11
11
419
0
0
1
0
0
7
0
0
3
15
33
1
0
2
5
0
14
0
22
1
0
0
22
5
1
0
89
1
1
0
0
0
1
11
0
2
0
41
0
9
0
0
59
14
37
1
54
1
18
1
0
0
0
13
0
186
0
1
0
12
0
0
0
95
3
129
11
83
1
0
0
0
0
0
34
0
0
0
0
0
10
2
32
1
0
4
0
0
35
0
2
0
11
11
2
0
0
28
101
0
0
0
622
3
0
3
2
1
0
3
0
0
228
4
0
6
15
0
2
9
28
0
0
0
3
0
19
0
0
386
2
0
8
0
4
1
0
41
7
25
0
15
1
0
0
0
1475
0
0
0
0
1
0
249
12
30
0
61
647
2
4
0
9
615
0
0
12
0
4
48
2
99
3
38
0
152
77
0
0
1
28
0
285
17
2
1935
1
15
4
1093
0
0
27
5
0
5
5
1
1
1
8
12
250
71
0
0
0
1
0
49
10
1
2
1
1
3
8
1
1
22
0
0
0
0
32
4
2
25
2
1
16
1
0
1
0
0
530
27
0
39
0
73
0
0
112
28
11
14
122
19
0
1
0
27
0
1
0
0
28
0
2
0
186
37
1
0
0
0
0
0
0
11
3261
0
0
0
2
1
0
0
0
64
5
0
0
21
0
3
1
14
10
1
0
13
39
0
23
0
7
0
2
72
0
0
11
252
1
2
245
0
0
0
0
14
0
56
0
102
1
6
10
1
1
1
51
27
9
5
1
0
0
71
95
20
46
0
12
0
0
31
7
23
0
0
0
0
9
0
0
2
11
6
1
0
12
1
12
29
10
0
2
0
21
3
104
12
4
0
0
5
13
0
0
0
0
0
0
0
6
0
2
1
3
0
74
0
0
8
86
0
0
17
0
10
46
33
8
1
0
3
0
1
37
0
0
4
8
204
0
6
317
9
0
157
0
14
18
0
4
2
39
3
1
35
1
51
0
9
3
33
0
0
4
0
1
4
1
0
0
0
5
0
10
14
2
0
0
2
477
8
0
0
2
0
0
7
0
13
5
0
0
0
13
1
0
12
206
5
346
47
0
1
2099
2
0
0
0
2
0
0
9
12
43
0
6
45
23
1
0
2
48
1
14
4
2
5
6
44
0
13
6
0
1
0
150
15
0
1
38
1
0
2
0
2
1
6
35
0
0
14
460
80
1
1
1
4
0
1
1
0
2
0
0
2
2
0
0
0
20
11
0
30
0
0
0
2
0
41
1
185
0
0
0
39
4
0
1
0
49
21
2
22
1
69
9
41
7
0
21
0
222
0
2
2
27
0
4
6
16
0
3
0
5
87
0
2
0
677
97
3
153
1
1
0
2
0
3
0
16
172
7
645
1587
0
141
0
85
4
25
1
0
3
0
6
5
0
17
0
3
20
1
1
99
0
67
0
8
8
8
1
0
0
3
7
4
1
24
2
34
6
0
0
0
6
5
0
0
5
101
9
0
0
1
0
96
0
0
0
0
0
2
0
0
3
0
0
49
5
0
144
8
12
33
0
0
32
0
0
6
5
20
5
0
29
29
2
0
4
793
791
44
57
0
0
0
37
2
0
0
0
0
1
0
4
1
0
0
0
1
2
0
243
1
0
18
1
0
34
8
19
0
2
0
0
2
0
3
2
57
1
0
2
1
0
0
0
12
0
36
0
28
0
98
1
40
0
0
57
0
71
1
2
0
235
14
0
0
1
613
5
12
325
1
2
0
495
15
0
0
2
7
0
0
204
0
68
22
43
15
0
5
0
433
0
0
8
13
2
10
0
432
0
14
0
0
7
2
0
0
0
2
0
0
17
0
0
0
0
7
0
25
36
2
9
62
5
2
258
5
2
83
84
0
0
594
0
0
0
24
2
0
55
0
6
0
86
2
681
0
0
9
57
4
0
5
3
3
0
2
12
1
0
0
2
2
0
0
1
14
2
177
2
0
0
11
0
0
1544
0
0
191
5
2
5
6
0
4
0
3
382
14
14
14
0
0
5
20
0
0
0
2
14
157
0
0
0
5
0
0
2
1
0
0
10
1
8
0
0
371
25
2
459
260
0
0
11
178
1
1
1
0
0
247
37
0
3
0
57
14
0
1
5
0
6435
0
110
1
30
0
12
0
25
250
0
27
7
3
6
1
0
0
2207
2573
4
0
68
1
2
4
0
29
130
0
0
0
15
4
282
9
1
0
0
33
513
0
3
0
0
5
10
0
1
47
3
0
23
3
0
0
0
17
0
0
33
10
773
1
0
0
1
3
2
436
112
7
1
1
1
1
7
0
0
28
0
2
0
147
0
0
0
7
54
0
1
45
8
0
0
0
146
85
130
4
0
6
74
26
44
0
0
1
6
4
13
0
0
1
1
0
7
0
0
2
16
3
49
24
1
16
5
0
0
0
3
19
0
12
1065
21
1
2
1
0
48
0
1
12
0
0
34
553
4
0
12
1
12
5
0
201
1
9
4
44
4
3
6
15
67
0
28
1
1
0
44
0
0
7
0
0
0
39
0
21
0
38
0
0
1
82
1
0
3
0
1
1
3
1
1
110
91
79
1
14
8
0
0
0
0
0
0
19
27
164
0
0
2
274
8
1
265
0
11
42
14
10
0
0
0
8
4
1
12
2
9
142
58
0
1
177
1
66
1
49
33
55
25
50
13
0
1
39
0
6
1
4
15
0
0
16
0
10
491
539
20
34
1374
8
22
0
1
1
6
0
1
17
0
0
0
0
12
0
211
2
0
1
3
0
0
0
2
7
1
0
4
96
300
0
4
4365
1520
3
3
4
44
3
1
0
23
20
24
0
72
1
0
0
34
23
30
31
3
10
36
0
1
382
91
0
10
0
0
0
0
0
1
2
0
14
1155
127
49
0
16
1
0
30
0
244
0
0
2
1
15
4
4
104
0
7
10
0
0
0
134
415
0
19
0
227
3789
0
1
9
0
575
25
0
455
0
0
10
0
0
5
0
2
15
0
0
146
380
0
24
2656
0
0
53
9
0
0
9
0
0
2
0
29
7
0
0
3
1
0
1
1
19
0
49
69
0
884
4
0
0
0
8
10
0
3
0
86
30
1
0
0
0
2
0
34
0
2
13
601
0
10
0
0
0
0
1
1
24
1
0
151
60
0
652
0
4
0
2
1
0
3
0
4
1
0
0
8
0
0
1
12
145
266
0
2
0
246
9
0
0
120
3
0
1
2161
7
34
0
624
134
728
0
0
0
0
0
5
38
0
0
1
32
10
1
1
0
1328
5
15
417
17
0
2
2
1
3
0
0
0
0
85
29
10
0
0
0
83
638
1
0
0
12
16
15
472
4
1
4
0
1
0
1
11
12
18
3
81
0
0
175
9
7
0
0
0
8
0
18
0
14
49
0
0
1
2
2
0
12
0
0
3
2
4
2
0
6
22
0
0
0
91
13
776
0
8
3
4
9
407
17
0
13
0
1
0
1
51
0
0
0
23
70
0
5
6
0
0
9
0
7
0
0
0
0
5
0
516
24
0
44
0
0
9
0
6
5
0
0
0
0
0
43
0
1
0
233
150
13
0
287
15
0
0
2
4
1
3
3
2
0
1
6
330
1
0
26
20
19
1
138
0
0
1
0
0
0
0
6
113
0
10
238
0
1
6
237
1
61
6
14
11
0
0
4
0
609
4
2
0
63
2
4
1
0
0
1
15
0
5
1177
3
74
137
22
23
0
4
10
6
16
13
895
20
2
0
0
0
0
0
8
0
13
0
0
1
11
59
1
5
66
0
1
20
0
3
0
49
0
1
258
45
0
0
0
8
0
3
2
0
0
22
42
2
26
17
18
6
0
3
0
15
0
20
1
2
26
0
1
0
12
0
3
0
0
0
20
0
147
1
0
4
169
13
1
193
18
3
2
5
0
0
9
1
0
0
203
1
3
20
36
25
480
16
0
0
0
29
3
8
17
5
0
3
361
90
2
0
1
21
833
0
48
4
3
3
12
0
3
16
192
0
0
162
1186
0
19
1
51
1
0
41
0
78
0
2
11
1423
2
0
0
2
0
25
31
0
0
2
0
136
3
1
1
0
0
0
4
0
0
1
0
0
353
220
386
1
8
85
421
0
5
2
0
289
0
106
0
1
0
0
75
0
6
1
10
9
5
0
0
66
0
1
0
168
14
2
13
28
3
44
31
2
2
1
0
4
1009
18
0
8
0
15
6
5
0
0
0
44
3
0
1073
8
55
2
5
27
0
0
2
0
0
46
0
144
5
184
7
0
0
50
2
15
1
0
1
0
0
4
0
9
0
37
0
0
17
0
51
3
2
3
0
64
1
51
7
5
74
0
5
6
4
0
9
2
10
0
2
1
2
35
0
0
5
0
7
10
0
255
0
21
125
0
1
89
0
0
4
0
19
1
0
3
3
0
0
1
0
681
40
1907
8
52
27
9
3
5
3
10
0
0
0
0
0
1
126
13
0
0
6
3
4
1
1
0
1
1
6
146
2
0
7
0
17
0
8
3
0
1
0
2
6
0
7
1
0
2
6
0
8
1
0
14
0
11
0
0
12
0
0
1
206
4
4
18
0
2
0
26
0
20
0
0
0
17
11
0
0
6
40
0
0
0
348
0
0
23
2
3
2
1
0
2
5
0
1647
21
5
2
0
10
2
3
4
0
33
0
4
10
0
3
7
0
0
1
1
0
42
174
0
35
0
2
2
2
24
4
86
0
1
0
0
0
0
27
0
0
1
304
73
18
5
0
6
0
54
28
1
2
1184
0
1846
2
0
0
0
0
11
0
97
0
85
203
8
0
0
7
0
8
78
0
5
0
0
0
13
0
0
6
313
0
0
100
11
1
7
0
0
6
0
0
1
0
1508
46
2
0
0
0
0
4
0
3
1
4
19
109
0
0
0
4
105
0
0
4
313
101
0
2
1
0
7
0
0
0
6
7
10
0
1
77
0
39
1
18
3
24
14
0
615
10
0
0
19
0
5
0
1
4
2
0
2
20
2
0
0
0
0
0
0
0
13
151
0
1
84
0
47
0
3
11
2
4
34
0
40
0
28
0
0
0
1
3
1
0
0
0
3
1
243
0
2
1
2
8
15
1
0
0
0
1
0
0
1
24
0
10
0
0
2
4
1
0
17
6
0
2
0
0
0
138
0
0
2
0
2
1
9
131
2
6
256
14
2
0
0
1
0
0
7
123
1
42
23
79
1
0
0
15
0
1
25
21
0
3
0
0
29
0
19
5
0
0
35
84
3770
82
7
18
6
1
0
0
2
3
0
15
5
2135
27
5
2
65
4
19
0
26
2
0
0
13
1
111
25
0
0
8
0
1
0
5
45
0
0
2
9
0
2
1
0
0
0
25
3
1
26
2
0
1
0
0
0
512
10
10
0
0
0
22
0
2
0
0
0
1
0
1
75
0
1
0
6
0
0
14
11
56
2
17
1
1227
0
1
1
1
96
50
64
0
65
9
9
124
0
1
0
1
6
0
7
1
44
0
0
0
0
76
0
0
7
86
0
0
9
0
0
5
95
2
0
50
0
33
14
0
9
50
0
1
0
0
6
0
10
1
0
15
21
0
1
11
19
0
0
0
0
2
35
1
0
0
0
0
0
112
8
61
3
6
4
0
1
0
5
0
0
2
37
39
0
0
374
7
18
1
0
90
0
0
3
43
4
0
0
4
2
45
0
1
4
1
3
8
1
0
1
34
1
0
1
0
24
0
0
0
0
1
0
1
0
221
197
6
60
1
0
2
0
5
0
1
0
0
1
101
0
0
0
12
403
0
0
15
52
0
12
1
3
0
1
348
2
0
46
316
0
36
0
21
62
0
0
2
0
2
0
135
0
4
0
8
23
3
3
627
88
0
0
0
7
57
1
1
5
0
0
0
0
0
0
0
6
5
217
1
1
0
0
1
0
9
48
134
134
1
22
0
0
0
0
9
2
9
0
159
89
121
0
78
6
0
0
0
33
21
1
170
7
5
2
9
0
2
6
0
0
0
36
122
0
0
0
0
5
0
6
14
0
0
48
40
0
18
96
0
0
1
39
69
11
1
0
11
44
0
0
3
4
6
469
0
5
0
230
12
5189
1
2
0
1
23
12
96
1
0
7
0
4
2
0
0
4
0
1
3
0
143
3349
5
6
14
0
1
0
0
0
1
2
11
0
2
0
1
36
0
2
7
18
105
39
8
4
1
0
0
1
1
0
0
10
17
0
1
0
0
0
32
235
3
0
1105
0
287
5
33
0
0
0
41
4
9
0
0
3
1
0
0
0
4
0
46
0
5
17
88
1
961
0
0
0
0
1
1
0
0
56
173
86
6
41
0
0
18
52
12
247
0
0
6
4
0
50
0
0
5
7
2
1
0
0
0
0
5
15
0
1
50
510
11
2
0
1
6
18
19
608
3
0
1
0
681
6
0
7
0
179
5
940
0
1
0
3
44
3
24
45
216
5
17
0
20
10
0
0
14
0
0
1
587
1
1
4
6
0
0
0
258
16
0
6
0
0
0
0
15
0
32
10
26
6
110
0
1
3745
0
18
24
1
31
0
1
204
102
3
115
20
18
1
1
2
0
6
3
0
0
0
0
1021
4
0
0
0
1239
9
13
2
124
11
4
0
0
43
17
0
0
29
0
13
0
4
955
2
3
0
1
0
13
1
0
0
843
0
4
0
2
3
433
0
16
0
16
32
2
0
2
5
0
1
1
2
15
93
0
0
2
13
0
2
39
0
15
0
5
0
21
0
0
110
0
6
2
1
0
541
86
33
0
8
6
0
1
0
12
0
0
8
28
0
22
1
16
0
0
25
31
0
2
49
0
10
0
0
11
0
0
3
14
0
0
0
0
26
143
0
344
3
577
1
0
0
0
1
1
15
0
13
0
201
158
0
27
0
0
0
270
1
1
0
0
2
0
2
3
0
141
26
6
0
1
11
0
3
112
3
1
66
512
0
0
0
2
3
45
27
0
24
20
1
251
15
0
0
0
4
0
0
0
0
6
3
0
2
11
0
0
119
288
38
1
34
823
0
23
0
0
516
0
19
6
26
0
158
0
0
2
1
212
1
383
0
0
7
0
7
0
2
5
0
3
389
0
16
8
0
1
1
0
68
3
1
25
0
7
8
6
19
12
0
5
0
15
7
0
0
0
262
54
14
176
1096
0
0
0
180
0
0
0
0
2
3
0
7
3
86
1
18
67
302
1
2
1
1467
1
1
18
0
22
1
87
1
4
0
0
60
1
1
3
1
0
6
0
0
1
19
1
4
1
957
1
45
0
0
159
47
15
9
204
0
6
0
22
12
2
0
0
0
0
40
0
0
9
3
88
0
5
3627
0
0
0
0
1
0
1
37
1
5
0
1
13
73
211
21
2
75
14
6
399
1
0
223
8
0
0
0
42
0
2
0
0
0
0
0
157
131
40
0
44
8
16
0
1
35
0
2
0
50
15
65
3
235
8
2
0
1
0
0
0
6
0
2
48
0
0
59
0
4
0
1048
216
100
87
0
86
0
6
8
0
1
108
36
126
0
11
121
79
1
0
2
38
0
0
69
244
1
4
17
762
0
0
2
0
0
0
2
1
5
1
0
2
3
11
41
1
7
0
13
3
35
0
0
12
0
18
3
0
0
0
6
40
0
1
0
0
1661
49
21
13
5
0
11
0
2
786
22
935
0
0
35
6
7
4
2
7
26
3
3
0
0
137
1
27
4
1
45
57
14
0
5
1
2
228
0
265
64
1
1106
154
0
25
0
26
0
0
0
4
2
0
10
1
12
39
59
0
0
0
3
12
21
0
0
0
1
0
0
0
0
2
74
2
371
0
7
0
5
0
8
0
0
10
39
38
0
0
5
0
8
54
6
16
0
2
0
7
0
0
0
0
2
7
0
31
422
0
3
165
108
0
0
4
4
4
14
5
0
0
9
0
18
392
11
0
11
3
25
1
11
6
6
4
27
7
11
0
17
10
6
10
0
251
1
15
0
12
1
1
15
0
2
1
0
17
5
551
0
0
1
444
0
2
0
1
0
10
0
16
0
2
1
2
0
2
0
2259
0
0
0
7
1
9
0
0
31
18
0
0
2
13
4
0
1
7
12
573
10
0
3
6
0
0
0
0
0
0
0
56
0
927
0
3
0
0
0
6
3
23
218
0
0
0
120
3
179
0
0
0
55
0
6
209
26
0
0
0
898
1
80
39
116
0
13
2
2
0
0
0
0
4
0
1
1
4
0
78
5
3
240
2
19
0
4
8
299
0
17
0
5
1
0
0
0
0
0
12
62
3
7
10
0
848
16
0
5
6
0
0
3049
2
0
0
14
8
0
0
5
1
0
0
2
1
0
11
0
0
0
4
0
58
14
4
0
0
588
1
1
1
0
1
4
14
3
7
2
49
58
4
0
84
0
0
6
0
0
0
1
15
0
440
0
52
27
53
0
0
4
44
0
0
0
0
0
1
1
6
5
5
1
5
6
4
4
415
2
0
2
0
15
17
1
2
1
305
0
12
1
9
37
2
7
0
0
17
0
8
3
0
1
13
0
1
0
8
494
11
22
124
0
1
16
0
0
0
9
9
0
0
43
513
0
7
1
1
1
1
0
0
6
0
0
0
0
135
28
1
1
1
10
0
1
43
12
10
17
76
1
4
0
2
1
3
170
28
4
59
941
0
1
0
11
0
34
0
0
0
0
0
0
692
0
0
0
138
36
1
57
0
2
0
32
0
0
0
1
3
0
0
0
0
17
0
16
0
0
26
29
1
0
2
3
1
0
4
0
4
1128
64
0
0
20
2
2
0
0
1942
1
7
1
0
280
2
1
37
4
0
93
0
0
3
3
200
1
75
21
0
8
234
13
19
7
48
322
0
0
0
0
276
13
69
0
2
3
21
0
0
3
2
1
41
0
0
0
1
0
51
7
0
4
0
36
0
6
27
2
0
237
0
472
6
38
20
2
0
46
0
1221
1
8
1
1
13
28
0
2074
8
0
20
3
0
5
1
4
0
9
0
0
180
0
4
0
0
276
60
0
1
7
1
1
0
0
4
1
0
0
0
0
3
5
15
0
1040
60
1336
398
9
6
10
5
1
3
1
0
387
17
0
1
1
36
0
2
0
15
1
4
208
0
0
42
21
0
1029
0
0
0
0
0
0
10
0
0
777
132
0
162
0
12
2
0
1
1
3
1
1
17
5268
11
10
81
909
9
8
0
2
0
2
0
0
0
421
1
0
2
49
0
30
10
3
0
0
0
14
1
0
0
0
0
0
1
0
22
15
2820
0
0
11
12
24
387
1
0
0
0
1
4
0
0
0
90
0
4
3
4
0
0
1
0
0
48
0
0
8
0
3
0
0
0
25
4
3
67
0
6
2
2
6
0
0
2
0
22
0
0
0
652
0
5
0
11
1
1
25
12
0
10
0
59
323
0
0
0
10
0
6
0
0
3
6
0
0
1
1
0
0
118
0
19
0
0
0
0
12
0
4
0
0
0
390
1
99
0
2
118
0
0
1
3
2
2
0
29
2
7
1
4
6
84
1
2
3
1
8
2
6
0
53
306
4
1161
0
0
0
0
7
0
2
69
6
241
0
141
375
28
9
0
0
0
2851
79
0
0
3
0
0
0
6
0
2
4
1
1
0
19
8
0
0
0
30
0
18
18
1
0
18
1
2
0
5
104
5
167
0
21
1
0
5
1
22
1
0
17
12
2
0
7
23
0
10
1199
0
3
0
24
0
9
82
5
38
0
0
0
19
0
0
0
33
9
0
2
0
0
4
10
98
3
1
59
24
1
42
0
0
37
1
3
0
0
538
1
101
3
601
0
0
0
49
0
1
1
7
6
10
0
384
4
0
0
3
0
3
1
0
0
45
93
0
11
8
31
10
0
3
0
77
0
0
0
0
4
196
7
0
54
565
2
1
4
3
0
10
0
130
0
0
37
0
0
3
9
2
0
0
1
1
16
0
3
5
3
0
3
0
0
0
0
131
0
0
3
2
9
0
0
0
8
5
1
0
13
254
7
0
0
5
58
0
0
0
0
11
0
13
16
3
22
573
4
30
3
500
0
1
0
2
0
0
8
1
4
0
3
0
0
14
3
0
6
3
11
4
14
0
0
68
1
2
0
0
1
2
397
128
2
1250
0
37
1
0
19
1
8
0
23
100
1
0
10
13
0
0
16
2
57
25
172
0
0
1
12
1
0
0
0
5
0
664
0
0
6
0
28
0
0
0
9
6
9
1062
13
9
873
2
11
3
4
2
1
0
0
0
0
56
0
0
0
0
0
0
12
2
1
11
1
14
683
5
0
6
18
1
2
30
69
0
0
0
38
0
247
2
0
12
0
7
65
21237
5
11
0
0
0
142
1
5
0
623
1
0
112
98
70
2
1
0
5
0
0
2
0
2
0
16
29
0
0
760
0
3
0
162
9
0
2
2
34
2
3
221
0
1156
0
0
1
0
0
0
8
429
1
0
1
2
2
4
0
56
1
1
3
32
3
11
0
125
0
13
1
0
53
4
1
10
1
2
1
9
0
0
225
5
1
0
0
4
1
1
24
559
3
0
526
0
14
1
6
10
0
6
35
0
0
260
0
0
66
1
34
0
19
0
7
1
0
55
0
0
7
0
0
0
2
0
150
2
90
0
0
181
53
0
73
2
5
0
3
0
0
6
19
0
0
33
1577
2
0
7
244
0
0
0
1
0
292
0
0
0
1
6
1
0
31
0
4
0
5
25
17
0
1
3
15
0
0
1
11
0
12
95
3
0
0
1
0
0
0
2
0
0
0
0
0
15
0
0
13
0
13
267
0
1
703
0
0
30
4
4255
16
11
1
5
0
334
0
462
2
5
5
29
0
12
0
3
0
1
0
0
0
200
0
0
11
26
1593
0
0
0
0
0
127
2
3
1
39
13
143
18
0
9
249
0
81
2
0
28
5
241
0
2
21
23
0
5
0
75
0
0
0
2
0
4
5
21
5
