Build Time: 121.5203ms, Count Time: 1.4090895s, Total Time: 1.5306098s, Heap Usage: 180723796
0
168
60
0
0
0
0
0
30
29
1
0
8
0
2
6
14
0
1
0
0
23
0
1
4
67
3
0
13
0
7
0
0
0
0
0
0
0
0
0
0
0
0
0
0
0
0
38
17
0
41
63
1
0
6
0
1
0
9
3
0
0
0
5
0
1
7
0
0
0
12
0
6
5
0
4
0
0
3
1
0
0
0
2
0
0
1
0
1
3
7
0
0
0
0
2
0
0
0
0
0
0
0
0
35
0
1
0
0
0
0
0
505
0
0
0
0
5
0
4
0
6
0
2
0
5
0
0
2
1
42
0
0
0
1
12
2
0
0
0
65
0
49
19
0
5
0
0
0
0
23
0
8
0
0
0
0
0
0
0
0
0
0
5
0
0
0
0
1
19
0
0
0
1
0
0
0
17
17
13
1
8
0
0
0
0
464
248
12
146
124
0
3
57
1
2
34
21
4
4
0
0
0
17
0
692
0
0
23
382
0
50
0
0
0
21
0
154
0
2
1
0
0
109
0
0
0
0
0
246
127
0
0
5
0
12
0
2
1
0
0
0
0
0
2
1
0
0
0
0
0
271
27
8
53
0
159
0
45
613
36
35
0
4
8
0
0
205
73
1
19
568
235
5
13
152
0
101
150
0
78
1
0
0
1
3
128
0
108
68
0
517
7
295
1381
0
0
0
4
0
32
0
46
2
0
2
0
0
0
0
1
0
305
226
7
70
97
0
18
1
4
0
2
0
141
0
0
0
0
386
0
299
0
0
0
5
4
162
0
17
0
0
5
0
0
0
32
416
0
174
1
0
0
0
0
1907
1258
302
94
27
0
1
0
15
5
0
96
1
45
1
0
53
0
14
10
0
2
0
0
2
0
0
0
3303
4
1000
17
0
0
0
0
10
6
0
0
34
1
0
0
0
0
4
0
0
0
0
0
0
0
0
2
18
15
0
0
0
39
0
0
2
1998
1
2
0
1
0
0
0
1
0
0
0
0
22
0
4
1
1
0
0
12
0
89
0
11
0
0
0
12
3112
12
0
2
1
0
1
204
2
1
0
0
0
214
0
0
0
0
0
0
0
0
21
0
12
0
0
0
0
0
0
8
16
30
0
0
12
5
2
1
10
0
1
0
6
0
3
0
0
0
0
173
0
725
0
320
0
430
203
57
58
2
0
2
1
6740
755
123
728
8
695
2
237
0
62
0
6
2
0
39
0
0
117
7
0
39
0
0
22
3
6
0
0
0
23
0
8
2
23
0
1
61
0
32
0
0
0
0
0
1
8
0
0
0
1
0
0
1
1
0
0
0
0
0
0
0
0
0
0
0
4
4
0
0
1
0
0
2
0
0
0
0
4
0
0
1
0
0
0
0
71
0
7
82
56
3
0
379
0
1
9
0
0
0
26
0
14
0
73
6
2
0
0
1
7
1
1
45
0
1
0
0
0
0
21
75
2
0
0
2
0
142
379
0
224
429
2
367
20
2154
5
7
0
4
5
0
11
0
40
0
0
1
116
0
0
1
2
0
2
0
0
0
23
1
4
0
2
28
15
12
0
0
3
0
0
1
7
0
0
8
0
4
0
5
0
0
0
0
39
20
0
8
0
0
43
252
3
249
8
118
0
24
2
0
46
0
1
177
5
0
0
0
23
26
0
9
0
0
14
177
0
1
0
0
0
1
1011
115
18
0
13
4
1
0
0
22
2
0
0
2
0
0
2
0
1
0
3
0
3
0
0
0
0
0
0
0
7
0
0
0
1
24
23
1
0
1
99
0
64
6
0
0
13
0
0
98
0
0
0
0
0
0
0
0
0
0
0
2
0
1
0
0
0
0
0
0
0
3
1
2
0
0
0
177
4
29
0
13
0
1
2
0
36
0
4
0
1
0
0
0
260
0
1218
334
28
0
0
10
0
0
1
0
0
1
0
0
5
1
0
0
0
0
0
0
0
0
0
16
1342
22
5
0
0
921
1
0
1
1
669
2
0
0
0
0
10
0
3
0
6
2
0
0
0
0
2
0
4
0
0
0
0
0
32
0
1
0
3
3
0
0
0
0
0
11
5
0
8
1
0
0
0
0
0
0
25
0
0
0
0
0
0
0
4
0
18
0
0
1
2
0
0
0
0
0
97
2
0
0
0
6
1
0
0
0
0
44
94
0
0
0
0
0
0
0
0
0
0
0
0
0
0
41
9
1
114
1
2
0
0
0
0
0
0
0
0
0
5
0
42
26
0
0
0
0
12
2
0
0
0
1
0
0
0
0
1577
0
1407
1
0
31
90
0
12
2
0
1
0
0
0
0
0
0
0
0
0
4
0
0
0
1
9
2
16
6
0
0
0
0
34
0
26
0
0
0
0
2
0
0
2
0
41
264
0
70
0
29
0
134
0
9
0
0
0
0
0
0
0
0
0
0
0
0
0
0
0
0
17
16
6
0
0
0
1
1
0
0
0
0
0
0
1
0
0
0
0
0
1
0
0
2
0
0
56
0
41
13
0
3
14
31
0
40
20
1
0
0
1736
13
0
477
7
0
3
0
1
0
0
276
0
12
1
0
6
1
144
8
4
1
0
10
0
2
0
0
0
0
0
1
0
0
0
10
0
0
0
1
0
0
964
13
51
111
13
0
6
0
0
0
0
0
0
0
1
0
29
0
9
0
8
0
0
35
0
47
1
0
1
0
0
70
0
0
0
1
0
1
0
6
0
0
0
0
0
6
3
0
4
0
0
0
0
0
6
365
0
0
0
0
0
1
16
0
0
3
0
0
10
9
0
2
152
0
2
0
0
0
1
0
0
0
332
0
0
0
0
10
0
2
0
1
0
0
0
0
0
0
1
44
0
2
7
2
0
0
0
42
0
23
0
7
53
0
12
0
4
0
7
0
0
0
9
6
0
0
1
19
0
4
1
23
0
0
2
0
0
0
19
0
2
17
0
0
0
0
0
0
0
0
3
0
0
0
0
0
0
0
0
0
0
0
0
48
4
0
0
0
0
0
0
0
0
10
0
0
1
1
0
0
0
0
7
2
0
0
0
0
0
0
0
1
0
0
0
0
0
0
1
0
2
0
0
0
0
0
0
0
16
0
1
0
0
0
1
0
3
0
0
19
66
0
0
1
0
0
0
4
0
2
0
0
1
1
0
1
0
0
0
25
0
14
0
8
3
0
18
0
3
0
0
0
0
0
0
6
6
0
0
0
0
0
1
0
0
0
0
0
0
0
0
28
0
0
0
0
0
0
1
0
0
0
0
0
0
0
1
0
0
1
1
0
0
0
2
1
0
0
0
43
1
0
0
10
0
0
0
0
0
0
0
0
0
0
0
4
0
1
0
8
0
0
0
0
1
0
0
0
123
0
0
15
8
0
0
11
0
1
0
0
19
940
0
0
1
2
0
2
0
0
0
2376
1
177
1
11
481
0
1
3
57
0
5
0
4
2
0
0
0
0
0
1
0
0
0
85
0
0
0
0
0
17
0
0
25
0
5
33
11
0
0
11
15
7
0
12
2
0
71
2
0
0
13
0
0
4
0
3
0
0
0
0
2
0
0
7
1
0
0
0
0
0
0
0
2
0
0
0
1
0
0
3
0
42
0
18
26
0
2
0
1
0
0
0
0
0
0
0
11
3
0
0
101
0
79
126
0
0
2
0
0
999
652
114
118
330
0
1
6
2
4
0
6
0
0
0
0
0
3
0
1
0
0
4
0
1
0
0
0
0
0
12
0
2
0
0
0
0
0
24
0
0
0
1
0
0
12
0
3
0
0
0
0
0
0
0
0
0
2
0
0
15
0
0
0
0
0
0
0
1
2
0
1
0
0
0
0
0
1
1
0
0
3
0
3
0
0
0
0
0
0
1
0
0
0
3
2
1
0
0
6
0
0
0
2
0
0
46
0
0
29
0
0
0
0
1
0
0
0
0
6
0
0
0
0
0
0
4
0
0
0
0
5
0
9
0
6
6
0
0
1
0
5
0
0
1
0
1
1
0
11
1
0
0
0
1
0
3
4
0
5
0
305
0
0
0
0
0
0
0
0
0
9
0
1
0
0
6
7
0
0
0
14
4
0
0
0
13
0
1
0
1
0
27
7
0
0
12
160
9
25
4
0
0
0
0
0
0
0
0
0
0
0
2
0
1
1
1
0
0
0
3
0
119
92
0
47
0
0
6
0
0
0
0
11
10
0
0
0
2621
11
0
5
3
1229
0
319
15
0
1
0
1
2
9
0
1
0
2
0
5
0
3
3
0
0
0
0
0
1
0
0
2
6
0
0
0
29
0
0
5
0
0
1
1
204
2
0
69
0
10
336
1398
2
801
7
0
5
0
0
0
0
0
121
525
3
1302
0
297
7
0
10
5
33
0
0
0
1
0
0
0
0
0
0
0
36
0
18
6
18
23
335
134
19
11
285
0
0
24
0
0
0
0
0
49
6
1
80
0
18
46
2
0
0
70
3
1
37
27
0
10
0
8
501
253
327
0
4
0
0
1160
116
84
18
0
8
39
353
0
249
5
0
4
0
15
566
5
499
8
3
6
0
0
0
0
0
0
0
0
7
0
0
0
1
0
0
0
1
0
0
0
7
0
0
0
0
0
4
0
0
0
0
0
0
0
0
0
0
146
2
86
0
0
11
0
9
8
0
0
0
32
5
0
6
3
5
269
1
102
14
41
1
0
1
0
0
0
0
44
1
54
1
26
20
0
0
0
0
0
0
109
0
0
0
9
10
3
0
0
2
59
3
1
0
0
0
0
0
0
5
0
3
0
0
0
0
2
0
45
2
0
0
0
0
6
122
116
7
151
0
2
2
0
2
2
3
0
0
0
0
0
118
1
0
16
0
4
5
0
0
6
0
0
0
0
0
0
0
0
0
19
0
51
36
0
0
7
1
0
0
0
2
56
5
0
0
0
0
0
0
0
0
0
5
1
0
0
2
0
1
13
0
0
0
0
0
0
1
0
0
0
9
0
0
0
1
0
0
0
0
1
123
0
7
1237
1
627
0
0
7
0
0
0
0
5
1
1
0
0
1
0
0
0
0
0
0
4
0
0
0
0
0
0
0
1
1
0
1
2
0
0
0
11
1
100
20
1
0
0
7
4
8
0
0
0
0
0
0
404
3
0
120
0
0
4
0
0
10
0
3
0
0
3
0
23
0
0
0
0
0
0
2
5
0
0
0
1
0
4
0
0
2
0
0
1
0
1
0
0
0
0
0
0
0
0
0
0
1
1
0
0
0
6
0
0
0
4
4
0
2
7
0
0
0
2
0
0
0
0
1
121
0
98
0
0
12
6
123
0
207
156
0
9
472
0
73
7
62
10
0
0
0
2
45
75
13
0
4
11
1
0
0
0
97
0
6
0
551
0
124
1
0
0
0
0
0
0
0
9
1
0
0
5
0
5
0
0
369
0
141
0
16
8
0
4
18
0
1280
0
1
85
859
0
431
28
1419
125
247
0
0
0
56
0
5
468
0
174
0
0
259
0
0
0
0
0
0
0
0
2
0
1
0
0
41
2
112
13
14
0
25
3
0
0
0
0
3
0
0
0
0
1
28
0
10
21
0
3
0
1
0
0
0
0
0
1
321
94
0
59
46
35
7
2
1
18
0
0
5
0
0
0
3
0
1
1
4
3
0
5
0
4
0
0
3
0
0
0
0
0
0
0
0
0
14
0
1
3
4
0
2
30
1
616
3
1
69
0
2
0
2
0
0
0
0
2
0
0
91
0
0
0
0
66
0
15
0
0
0
34
0
23
0
2
417
194
0
8
1
347
0
0
13
11
7
0
2
0
0
2
0
0
0
0
1
3
0
0
0
1
215
0
2
0
1
243
412
1
151
1062
22
39
0
128
1012
0
82
20
23
0
4
0
0
0
0
0
3
3
1
54
6
18
20
1
1
0
0
1
0
11
0
2
0
1
0
0
0
0
3
0
3
0
1
8
1
0
15
9
0
84
2
10
2
0
0
0
0
0
5
0
0
0
0
0
0
0
0
0
0
0
0
0
1
0
0
0
0
0
0
0
19
3
0
0
0
0
0
0
14
2
0
894
2
50
170
0
0
1
0
0
0
0
5
23
11
0
2
4
0
0
50
0
0
0
165
16
0
0
1
38
4
0
0
4365
28
239
0
10
930
54
119
11
0
0
1
0
1
30
30
0
3
66
1
0
1
1
0
40
0
0
1
0
1
20
0
0
24
6
0
0
21
270
378
0
11
5
122
0
1
0
0
0
0
0
0
1
506
0
3
183
0
413
128
5
0
0
0
0
0
24
0
13
0
0
244
0
0
14
2
0
0
0
0
4
0
0
0
0
0
0
0
0
0
0
0
0
2
0
0
0
0
0
0
0
0
0
3
0
0
0
10
4
0
0
542
207
0
102
28
0
0
0
9
0
2
0
13
0
2
6
0
5
0
0
0
1
1
0
0
0
0
0
0
0
1
0
45
0
0
18
0
0
3
0
0
0
0
1
0
0
0
2
0
0
0
0
8
4
0
696
1
0
0
0
87
4
0
1
0
1
0
0
2
0
6
0
0
8
0
6
3
0
0
0
2
1
0
1
0
0
0
0
0
0
0
0
0
0
0
0
0
0
12
0
0
0
0
0
0
0
0
2
0
0
0
0
0
0
1
1
4
0
0
1
0
0
0
1
0
7
12
0
0
7
0
0
0
1
0
0
0
0
0
0
0
0
0
0
4
4
3
0
0
0
0
0
0
0
0
2
1
1
3
1
0
0
0
0
0
0
0
0
0
0
0
0
0
0
32
0
0
0
0
1
0
0
42
16
1
0
0
0
0
0
0
0
0
0
0
1
0
3
6
0
6
0
24
5
0
3
0
7
0
4
0
0
1
24
0
0
0
0
20
4
1
0
3
0
2
2
1
0
2
0
2
0
0
9
1
1
0
0
0
2
0
0
1
0
0
0
0
241
34
0
9
16
11
0
0
0
0
0
0
0
0
19
10
0
74
2030
0
10
8
0
0
1
0
0
0
0
0
1
0
0
0
0
0
0
0
0
0
0
1
0
2
0
0
0
0
0
7
0
0
0
0
0
0
0
0
2
1
1
0
2
0
0
7
0
0
13
0
10
0
0
0
8
4
0
0
1
0
0
0
0
0
32
530
0
0
0
0
1
0
0
4
1
0
0
10
0
0
3
30
10
0
0
0
0
0
0
0
0
0
0
3
21
0
0
0
0
53
0
137
3
1
14
0
0
9
0
1
12
3
11
27
5
33
0
1
1
1
0
0
0
0
0
0
233
2
2
0
1
0
0
0
0
1
0
1
0
0
0
0
0
0
0
1
0
0
0
0
0
3
0
0
0
0
0
0
0
0
0
2
37
0
0
0
0
0
0
0
0
170
0
23
11
0
7
84
0
8
4
0
3
93
6
25
6
1
0
0
0
0
0
0
0
0
0
2
0
0
2
0
0
43
0
3
0
0
0
0
0
0
0
0
1
23
0
0
0
0
0
0
1
11
0
0
0
0
0
1
0
21
0
14
0
6
3
1
4
0
0
11
0
4
5
0
1
0
0
0
0
107
1
1
0
0
0
0
0
0
0
0
0
5
0
1
0
0
0
9
1
3
0
0
0
1
5
0
0
0
0
0
0
0
0
0
0
1
0
12
3
0
0
0
32
0
58
27
3
0
0
2
0
0
55
3
2
0
0
0
1
34
1
0
0
1
0
0
0
1
0
0
2
0
0
1
0
108
0
0
6
89
11
0
0
0
9
0
0
0
0
0
0
0
0
0
3
0
2
0
37
0
0
11
78
0
2
0
0
1
2
1
0
0
0
0
0
88
0
0
0
1
0
3
0
0
0
0
1
19
15
0
1
0
4
0
0
0
1
1
0
0
43
0
15
0
0
0
3
0
5
0
0
213
8
185
120
2
158
10
5
0
0
22
0
0
0
0
0
5
0
0
0
23
3
10
1
0
0
0
0
9
0
5
4
0
0
0
0
0
18
0
0
0
0
1
1
0
34
40
2
0
1
0
0
0
0
0
0
0
0
3
0
3
1
0
0
0
0
0
0
19
0
1
0
0
0
1
0
0
0
0
16
0
3
4
0
0
0
0
22
0
0
0
0
0
0
0
4
0
0
1
3
38
30
1
18
0
3
1
0
0
0
0
0
0
0
0
0
1
0
0
0
5
0
1
1
0
0
0
2
0
0
0
6
0
72
1
1
0
0
0
0
8
0
0
0
0
0
0
2
0
0
5
0
0
0
1
0
0
0
0
7
0
2
0
1
0
0
0
0
0
82
0
0
0
0
0
122
1
15
0
5
0
0
0
0
0
0
0
0
0
0
38
0
11
0
0
2
24
13
0
0
2
2
0
29
4
0
1
1
3
0
0
2
0
41
1
14
62
62
0
33
1
225
11
0
57
32
0
1
2
0
0
0
0
0
0
0
0
2
0
0
0
3
280
3
244
15
0
0
0
0
0
0
0
0
1
0
0
0
7
0
4
0
0
268
3
0
0
4
81
0
1
0
3
10
0
0
0
0
0
0
0
0
0
5
0
0
0
0
4
2
0
0
0
103
0
14
0
0
0
0
4
0
1
0
0
0
0
0
0
0
0
0
0
2
0
0
0
2
0
2
0
2
0
0
0
0
1
14
0
4
0
0
0
6
0
0
1
0
1
0
0
0
0
0
0
1
11
5
0
0
8
4
0
2
0
0
1
0
0
1
0
0
11
2
4
0
0
0
42
5
2
0
0
0
0
0
0
0
0
0
1
0
0
6
1
0
0
0
0
0
4
0
4
0
16
2
6
0
0
0
9
2
0
1
11
0
9
40
0
0
0
2
0
1
0
0
0
0
0
0
0
4
0
0
0
34
0
0
3
2
0
3
0
0
0
5
0
0
28
0
0
0
0
0
7
0
1
0
0
1
0
14
0
53
82
13
0
20
2
0
0
0
1
0
0
9
0
0
0
1
1
4
0
2
1
0
0
0
0
20
0
0
4
0
0
0
0
13
9
0
4
1
0
46
1
3
0
0
0
0
0
0
0
0
0
9
28
0
126
123
8
0
9
0
0
0
4
0
0
15
7
0
1
0
8
0
0
0
0
0
0
0
0
0
0
0
0
0
0
0
0
0
0
0
0
0
1
0
29
0
0
0
0
0
1
0
0
0
0
2
0
0
0
0
0
5
0
12
0
0
0
0
8
0
2
1
0
0
0
1
1
0
0
0
0
0
0
2
0
2
2
0
0
0
1
0
0
0
0
5
0
3
1
0
0
154
0
0
0
0
0
0
0
0
0
1
0
0
2
0
24
1
2
0
0
0
0
1
0
0
0
0
0
16
3
0
0
0
43
0
0
0
0
7
54
0
9
0
0
5
0
5
0
348
0
314
0
0
1
0
0
0
1
0
0
0
0
50
4
0
0
2
0
0
2
0
0
1
0
0
25
0
1
49
0
1
9
7
0
0
0
0
0
0
0
0
0
25
1
15
0
7
0
0
0
88
0
0
0
0
0
0
7
0
1
0
0
0
2
0
1
0
0
0
0
0
9
0
6
6
0
1
1
0
3
2
1
1
0
0
20
0
0
0
11
0
281
0
0
0
0
0
0
11
3
3
0
45
0
35
9
0
0
4
0
0
1
0
0
0
0
17
0
0
148
0
0
0
0
0
0
0
0
0
0
0
12
0
0
19
0
0
1
1
0
1
1
0
1
0
0
0
0
0
0
0
0
0
0
0
0
49
3
10
0
0
0
0
0
0
0
0
0
0
0
2
2
103
14
0
1
0
0
0
0
0
0
0
0
6
0
0
36
0
0
0
0
0
0
5
18
2
10
0
0
0
0
0
0
7
0
3
0
0
1
0
0
0
38
0
27
1
31
0
2
0
1
0
2
0
0
41
2
0
0
0
0
0
0
3
0
0
69
24
0
7
0
0
0
0
0
0
0
2
0
2
1
0
0
0
1
18
0
6
0
0
0
0
1
0
28
0
5
0
17
0
0
0
0
0
0
0
294
0
62
5
0
2
1
0
0
0
0
0
0
0
0
3
0
0
1
0
0
0
2
0
2
2
0
0
0
0
0
0
28
7
3
0
36
2
6
0
0
0
0
0
0
0
0
0
1
20
0
8
1
4
0
0
0
0
0
0
5
0
1
9
0
8
2
10
0
1
58
5
1
0
0
0
0
0
0
1
0
16
0
0
0
0
0
1
0
0
0
0
28
0
0
0
11
17
0
1
0
26
0
1
0
0
0
37
0
0
0
0
0
5
0
0
2
1
0
0
1
17
1
0
0
0
0
0
2
0
1
1
0
0
0
216
4
152
415
2
1
241
0
0
63
0
0
0
8
0
2
1
0
7
0
1
0
0
47
1
1
0
0
0
0
0
1
0
0
0
0
5
104
0
15
0
0
0
0
0
2
0
0
0
1
0
0
0
2
0
0
0
0
9
8
0
0
21
0
3
0
0
0
0
1
1
0
0
6
0
0
0
0
8
0
0
59
1
3
0
0
3
1
0
0
6
0
2
2
0
0
2
0
1
2
0
0
0
16
0
3
1
0
19
1
0
0
2
0
0
14
10
7
0
7
0
0
0
0
0
80
0
0
0
0
0
0
0
2
0
21
3
0
0
0
0
1
0
0
1
0
0
0
90
1
3
1
0
0
0
14
70
0
0
0
0
0
0
0
62
9
0
0
0
32
0
0
0
9
1
2
9
0
0
7
0
0
1
3
0
0
0
0
0
25
0
0
0
0
0
0
0
0
8
1
0
0
0
0
0
1
0
644
118
0
0
0
0
2
0
1
33
49
351
2
435
185
2
0
0
3
2
0
0
1
214
103
36
18
15
1
7
0
0
0
0
0
0
4
0
0
1
2
0
1
0
0
0
0
276
16
0
0
0
5
0
1
2
0
0
0
1
0
0
0
0
0
0
0
0
0
0
0
3463
22
632
10
570
3
0
2
25
15
0
2
0
0
0
0
0
2
0
0
0
0
1
0
0
0
0
1
0
0
0
1
16
0
2
0
1
0
0
0
0
0
6
1
0
2
4
1
0
0
11
8
4
0
0
0
0
0
13
0
50
0
1
0
0
0
0
1
0
4
0
1
0
0
0
0
0
0
0
0
0
0
0
0
0
0
0
0
0
3
0
3
0
0
7
0
1
0
1
21
0
11
0
0
0
0
0
0
0
0
0
0
0
0
0
10
11
0
0
0
0
1
0
0
0
0
0
0
7
336
2
76
79
0
341
0
205
0
48
0
22
0
5
4
1
2
0
0
1
0
0
9
1
1
6
0
0
1
0
0
4692
111
0
68
321
0
0
0
0
0
0
6
6
0
2
3
0
0
0
0
1
0
0
0
7
0
0
0
0
0
0
0
3
0
0
0
0
0
0
0
0
0
0
0
0
0
0
0
0
0
0
0
0
26
0
0
64
72
3
5
0
12
0
0
0
0
0
0
1
0
0
1
0
0
0
6
0
0
84
19
0
0
0
0
4
2
189
77
1
31
365
68
2
0
0
0
0
0
0
0
0
65
0
42
0
16
0
1
0
0
1
0
3
0
1
0
0
0
0
0
0
244
0
62
6
0
2
1
0
15
0
51
2158
2
0
0
0
0
36
0
1
0
9
0
4
0
0
0
0
0
0
1
0
0
0
0
24
0
3
2
0
9
4
0
3
0
0
0
0
0
0
6
0
1
0
0
3
0
0
1
0
0
0
5
0
1
9
0
0
0
44
1
0
4
3
0
0
0
0
2
0
0
0
0
0
0
0
4
9
185
274
0
0
0
1
0
0
0
0
31
0
9
0
1
0
0
0
0
0
0
2
0
0
0
12
0
225
2
321
6
0
0
77
460
0
283
148
6
26
7
0
0
4
0
18
14
0
1
15
0
1
6
0
0
31
4
3
0
0
0
0
0
1
0
0
0
0
0
8
0
1
0
17
0
9
1
0
0
0
0
0
0
0
0
0
0
0
0
0
3
1
0
0
0
26
0
18
0
0
11
0
1
0
5
0
0
0
0
4
0
0
1
0
1
0
0
0
1
10
0
3
59
14
0
0
0
0
0
13
0
0
0
0
4
43
34
0
0
11
11
0
4
3
0
1
36
0
8
6
0
6
14
45
0
0
0
0
0
0
2
0
0
0
0
0
4
5
16
0
0
4
0
0
34
3
0
12
1
4
0
0
0
0
0
0
0
0
0
0
20
2
0
1
0
26
9
0
0
0
0
0
3
0
0
0
55
5
2
0
15
0
0
0
0
0
5
0
2
0
0
0
7
2
22
0
0
5
1
2
0
0
0
0
1
0
0
4
2
0
0
0
1
0
0
0
0
0
0
0
0
0
0
0
0
0
6
0
3
1
2
0
13
56
1
20
0
41
7
1
0
2
13
2
0
30
1
0
1
0
0
0
0
0
0
0
17
0
10
0
0
0
0
0
0
6
0
0
2
0
0
0
0
1
0
0
0
0
2
12
1
6
1
0
0
0
0
3
2
0
0
9
0
0
0
0
0
560
0
0
0
14
0
0
0
1
0
0
0
0
0
0
1
0
6
7
0
0
0
0
1
2
1
27
3
0
0
140
0
20
193
3
0
0
0
0
0
0
0
0
2
0
0
0
0
0
1
0
0
0
0
0
61
45
368
1
0
0
21
11
3
0
1
0
144
28
21
1
16
0
1
0
0
0
0
0
7
9
8
0
0
0
0
0
0
32
1
0
1
0
0
0
1
0
0
0
1
0
0
4
0
0
18
0
1
0
0
0
0
0
2
0
0
0
0
0
0
0
60
10
150
4
0
0
0
3
0
0
0
0
1
0
0
0
1
3
0
0
93
0
0
8
325
50
196
515
0
185
22
0
0
22
147
2
0
0
0
0
0
9
0
0
1
0
0
0
0
0
0
0
33
4
0
0
0
3
0
0
0
167
0
0
0
0
4
0
4
0
0
134
0
1
3
0
0
0
1
0
1
103
0
3
3
1
0
0
0
0
0
23
0
8
0
0
5
5
5
0
39
0
151
118
0
0
0
2
15
7
2
7
0
0
4
0
0
0
0
0
0
0
0
0
0
0
0
0
0
0
0
0
0
0
0
0
0
1
0
0
116
1
0
0
232
17
15
0
0
0
0
210
0
1
2
576
5
0
416
0
145
0
4
19
0
0
0
0
0
0
0
1
0
0
1
0
0
0
0
0
0
0
1
66
129
0
3
0
0
0
85
0
0
0
0
0
0
5
0
2
0
0
596
296
266
5
3
93
0
508
365
53
9
3
0
4
1
0
0
4
0
0
3
0
0
0
6
57
21
1
189
0
47
0
1
0
1
6
0
469
53
15
2
0
0
0
1
0
0
0
37
0
20
18
0
7
0
0
0
0
0
0
1
0
65
0
0
9
1
0
0
0
0
44
0
4
0
17
0
0
1
1
0
0
0
0
0
0
0
0
0
0
0
0
0
0
3
0
0
0
0
0
3
0
3
0
3
0
0
0
3
287
40
0
134
44
0
15
310
233
16
17
2
12
516
0
0
0
0
0
19
3
0
0
0
15
0
0
0
0
0
87
0
1
172
0
0
3
0
1
0
1
0
0
8
3
0
2
192
6
0
9
1
0
0
5
0
0
7
7
0
0
2
0
0
0
0
0
3
1
0
0
0
0
3
0
0
2
0
0
0
0
0
4
0
58
4
0
0
0
0
0
3
4
3
1
0
0
0
6
0
0
4
1
6
0
10
0
6
2
0
0
2
1
1
0
4
0
3
0
0
9
9
0
1
0
0
0
3
0
0
0
0
0
0
185
0
91
0
0
0
4
1
0
0
0
30
5
0
1
0
0
31
2
10
0
0
0
1
0
6
0
5
7
0
1
4
0
0
0
0
0
0
4
0
28
6
0
0
74
0
0
0
1
1
3
26
1
8
36
1
0
2
0
0
0
26
0
1
0
0
4
0
0
0
0
0
1
7
0
4
3
0
0
0
0
0
0
0
0
0
0
0
0
4
0
0
0
0
0
0
0
0
0
25
0
0
0
0
0
0
0
0
0
0
0
0
42
0
20
0
0
0
0
4
0
0
0
0
0
1
0
0
0
0
0
0
446
0
0
6
0
1
0
0
31
0
18
0
0
0
0
0
0
0
0
0
0
0
2
0
1
5
0
0
0
0
0
0
7
0
0
15
0
8
0
2
0
2
0
0
0
0
19
1
0
0
2
0
0
0
0
0
0
0
0
0
18
18
0
0
3
0
0
54
0
46
11
0
0
0
0
2
0
0
0
0
1
3
0
0
0
22
0
0
0
0
1
1
0
0
0
372
0
2
0
0
0
0
0
0
0
0
7
0
189
35
74
1
24
14
0
1
1
63
2
0
2
0
0
16
0
6
2
0
31
16
0
2
46
2
0
92
7
0
4
387
155
1
1
0
7
1
0
0
0
8
0
0
0
3
0
439
5
0
0
2
0
0
54
0
19
35
14
11
0
4
9
0
21
8
7
0
2
14
5
2
0
0
0
39
0
0
0
0
0
0
11
0
6
272
1
0
0
0
0
0
0
0
0
0
1
0
0
1
0
0
15
1
13
5
0
23
0
0
0
0
0
4
5
0
1
1
1
0
0
0
0
0
0
0
0
7
402
0
0
0
0
518
10
0
29
1
0
0
0
8
0
2
0
5
0
0
0
0
1
15
0
0
0
0
0
0
0
0
0
0
0
0
0
197
16
112
469
0
7
9
2
1
0
0
2
0
1
5
0
0
0
0
0
0
0
0
0
0
2
0
0
0
2
0
1
0
9
8
1
1
0
0
0
23
2
0
1
828
0
0
776
0
30
0
104
18
17
2
0
0
0
0
0
0
26
0
0
200
0
1
0
0
0
0
80
4
10
1
0
8
2
1
0
2
0
0
0
0
0
10
0
0
0
1
101
15
2
0
1
0
0
0
0
0
0
0
2
0
0
0
0
0
0
3
77
0
10
27
3
0
1
0
0
0
12
0
7
0
1
0
1
5
81
0
26
528
0
1
0
0
0
5
11
0
0
0
0
91
0
89
0
3
0
0
0
2
1
0
7
0
14
0
0
0
0
0
0
17
0
0
0
0
32
0
2
25
0
2
0
0
0
0
0
3
0
0
5
0
0
0
0
1
1
0
0
0
2
0
0
0
0
0
0
20
6
0
0
1
0
1
7
0
2
0
10
1
0
0
12
1
2
2
0
0
0
14
0
4
1
0
0
0
1
0
0
1
0
0
0
0
0
0
0
0
2
1
0
0
0
0
0
0
0
4
0
0
0
0
0
0
0
0
0
7
0
2
2
0
0
0
1
1
0
0
5
0
0
2
0
0
0
0
0
0
0
0
1
3
2
0
4
4
7
0
3
0
0
0
0
0
0
0
0
1
1
0
0
0
0
0
0
0
1
0
0
3
0
6
0
0
0
33
39
0
0
0
5
0
0
2
0
3
0
0
21
0
6
0
0
3
0
0
0
0
0
0
0
0
0
1
1
0
0
3
0
0
2
0
0
0
0
16
0
0
0
0
0
0
0
0
0
0
0
0
1
0
0
0
0
0
8
6
0
3
0
0
0
0
0
0
15
0
0
2
0
0
0
0
9
0
2
1
0
1
0
0
0
0
0
0
0
0
0
0
0
1
1
0
36
48
0
0
0
0
9
0
1
0
1
10
0
6
0
0
3
0
1
7
0
0
0
1
0
113
0
10
53
45
15
14
3
0
1
0
0
0
2
0
0
86
43
4
83
168
2
0
5
24
0
129
1
86
0
4
93
10
0
1
0
275
44
0
0
0
0
0
9
871
0
38
0
24
279
1129
5
238
434
62
1
17
2
0
8
0
0
6
0
8
5
0
0
8
166
2
0
0
1
17
2
0
0
28
1
0
0
1
1
0
0
10
1
0
0
2
0
5
0
0
0
0
2
103
228
0
9
0
10
0
7
0
0
0
11
0
0
4
2
0
0
0
0
3
0
0
0
3
0
47
0
11
0
5
0
0
7
1
0
1
0
3
0
0
0
5
0
6
0
0
0
2
0
0
0
0
0
0
133
0
0
0
6
4
36
0
0
75
1
0
791
0
72
0
0
0
0
18
0
0
0
37
0
0
0
11
2
0
0
0
0
0
3
0
3
4
0
0
722
0
0
106
0
0
42
2
1
0
0
0
34
0
1
52
44
3
0
4
249
131
13
10
0
3
0
103
10
21
52
35
0
6
41
0
0
0
47
0
1
3
12
8
1252
0
652
0
206
0
20
2
27
156
0
0
0
0
0
198
0
100
92
0
4176
17
0
17
0
23
9
0
4
133
3
452
4
0
4
7
3
0
0
0
0
0
1
0
0
0
5
0
8
11
0
4128
0
0
260
679
14
160
45
254
372
1498
0
404
0
0
4
0
4
257
615
3
0
0
0
140
0
3
0
522
1
0
0
1
11
0
0
0
0
0
69
0
1
1
77
0
219
77
10
0
0
0
2
0
0
12
0
1
0
0
267
56
20
51
2381
0
2097
12
21
0
4
0
0
0
0
376
2
24
9
1
0
678
1
227
623
76
0
9
0
1
0
0
0
0
0
0
1
0
3
0
0
1
1
0
2
101
15
0
0
0
0
3
0
525
19
143
74
0
0
642
0
150
107
9
0
0
5
4
0
0
0
20
24
120
42
1
0
31
0
266
0
10
1
33
0
27
171
3
0
8
0
1
413
130
12
42
968
1
10
96
154
0
4
4
29
0
10
2573
6
52
1935
42
312
0
1384
13
1047
35
0
3
0
0
0
58
0
36
2
14
0
7
1096
1
0
1
250
1
1025
0
0
0
0
0
178
29
12
5
0
22
643
3
0
0
242
477
0
11
12
0
1
0
2
44
125
0
429
0
0
611
516
0
27
21
209
0
186
58
0
95
23
15
3
0
16
1
495
0
1
0
0
25
0
0
0
24
0
176
1
29
1
0
0
12
0
0
121
15
6
32
0
6
0
2
0
40
1
13
0
0
407
9
2
0
0
2
43
7
0
7
34
0
44
0
14
0
81
1234
73
0
86
63
106
24
1
23
0
3
45
2
1
0
1
5
117
0
7
0
0
9
0
23
5
0
0
6
0
14
0
340
329
0
3
32
0
3
0
0
0
0
0
1
0
0
0
0
0
0
1
0
0
75
14
0
0
0
0
106
50
0
994
405
1
64
180
371
0
91
4
0
14
1
14
1
115
1
0
26
43
0
0
0
1
0
0
0
8
0
372
0
7
6
2
0
0
0
0
26
0
0
0
0
2
0
1
0
909
17
0
11
10
17
1
698
0
0
1
2
0
0
0
262
0
114
0
0
107
0
0
0
0
93
800
0
296
157
32
1
0
5
22
0
7
3
0
0
0
0
0
0
1
0
0
1
0
6
2
0
0
0
0
1
0
0
0
0
0
2
1
0
0
9
0
0
0
65
31
13
0
15
0
2
0
115
1
11
1
0
0
92
10
0
1
4
0
0
0
1
4
10
4
5
1
0
9
0
0
1
2
256
10
47
0
0
120
88
0
56
172
0
0
2665
54
0
39
164
0
48
0
0
0
0
0
0
444
1
0
3
66
0
18
215
0
0
0
0
0
0
0
0
0
0
0
0
53
40
2
0
2
22
0
0
1
0
23
3
2
0
77
9
1
0
2
0
5
0
83
1
1
0
4270
10
199
24
0
0
0
0
0
0
0
17
0
20
191
12
0
0
0
57
0
0
0
9
0
1
0
5
1592
0
6
447
146
0
1
49
0
0
1
50
0
19
14
2
2
51
0
1
521
0
11
3
89
265
227
1
14
41
0
5
5
0
0
5
13
0
1
0
1
0
0
26
224
0
11
0
0
0
3
0
2
0
0
0
0
11
0
0
20
0
5
20
0
30
9
0
0
0
0
651
61
0
115
169
110
0
3
0
0
0
0
0
0
6
0
4
0
0
3
0
0
3
0
0
34
2
0
0
107
0
29
384
1
18
59
0
6
0
1
0
0
77
45
2
16
33
0
30
22
5
0
5
27
9
0
6
165
10
2
0
0
1
0
0
0
0
0
3
54
12
23
449
2161
387
33
270
2
1
0
0
88
1
28
1
6
1
2
0
0
0
0
1
1
23
2
0
3
1
0
0
0
0
0
1
0
0
0
0
0
123
0
0
0
0
0
0
0
0
0
0
0
3
0
0
0
0
0
1
0
549
32
100
1281
0
224
6
0
0
6
0
0
12
0
1
0
0
2
0
0
12
0
10
5
20
0
13
0
0
13
1
6
0
10
0
9
0
0
0
155
0
0
12
61
3
1
0
42
140
0
0
10
1
17
0
0
12
30
18
3
8
22
0
4
743
10
8
1
0
17
618
0
444
85
18
1
38
0
10
1
335
0
0
57
0
47
0
71
0
1106
2323
35
0
526
0
0
66
1
0
33
14
0
0
27
720
406
13
1
0
0
934
0
239
3049
1705
0
0
3
19
0
2
0
1
0
0
0
26
93
0
800
313
124
0
0
0
2
52
0
2
0
536
346
12
98
358
0
36
3
0
1
0
0
0
0
0
0
0
0
3
3
524
20
0
0
0
79
29
0
0
21
844
0
88
9
1
0
49
230
4
4
4
0
15
3
0
0
55
4
9
1
289
0
17
0
2
22
0
3
3
0
0
3
0
102
148
2
235
0
153
397
97
94
16
674
2302
1517
0
83
0
87
0
0
12
17
1
72
9
5
237
0
191
9
2
5
0
1
0
10
0
5
3
0
159
59
2820
1
2
0
2
0
16
177
14
0
0
2
0
1
0
8
1
0
0
0
2
25
0
0
14
116
1
1529
16
504
314
0
166
32
735
3
0
3
8
0
6
0
2
22
54
29
0
0
2
7
0
0
716
0
3
0
0
0
34
0
0
58
0
0
0
6
1
0
7
7
0
0
0
208
478
87
0
38
0
25
302
282
1
18
233
0
0
0
0
0
186
79
22
75
17
0
7
0
0
0
1
0
2
0
38
238
0
6
0
0
11
2
0
0
2
132
188
6
0
0
0
248
0
27
123
0
1
0
7
0
0
0
2
96
2
76
42
2
0
0
0
0
0
0
1
0
28
0
13
0
1239
376
114
2
3
4
48
27
20
126
0
263
1
0
16
100
15
0
2
169
0
3
2221
0
81
0
225
98
0
0
10
4
0
1
0
4
2
31
0
0
0
26
0
81
0
30
230
0
0
0
241
102
0
14
1123
11
615
34
61
3
314
44
18
90
0
40
80
32
0
0
0
0
0
0
0
0
0
0
0
0
0
0
0
15
0
3
3
0
25
0
0
4
0
0
0
0
0
0
0
0
79
48
0
13
2
3
0
5
0
0
0
1
0
1583
980
88
281
1302
0
756
206
0
101
13
0
0
0
8
0
5
0
3
0
0
0
20
1679
441
7
252
434
849
7
40
786
0
7
0
6
0
1
0
0
0
0
0
0
0
2
0
3
11
0
3
10
0
4
0
0
3
0
0
0
4
2
0
0
0
0
0
339
0
26
160
22
0
0
0
2445
935
0
0
0
0
0
0
19
9
9
18
172
74
0
0
1
15
3
641
10
2
0
0
1
0
255
8
0
8
388
0
43
0
20
28
0
728
0
23
145
0
0
20
0
3
4
0
20
1065
0
308
290
33
1
0
0
11
0
1
22
2
0
2
2
17
0
16
3
1
0
0
0
5
0
0
0
120
16
228
939
0
433
18
1
0
13
114
0
0
0
8
1
397
195
0
0
31
94
144
0
234
0
14
5
0
8
84
4
0
0
9
1
0
0
4
0
1
0
1
0
0
3
0
0
2
0
0
0
0
0
0
0
14
1
0
56
12
0
5
0
0
0
0
1
0
0
3
0
0
0
0
0
0
0
0
0
0
0
0
0
0
0
11
0
2
0
7
0
0
1
0
0
1
1
0
4
0
0
0
0
0
0
70
0
8
11
1
0
1
0
0
0
0
0
0
1
5
0
9
0
1
1
0
0
0
0
0
0
0
31
0
0
2
0
1543
59
895
7
0
0
0
0
0
0
0
2
0
3
1
0
52
362
13
0
93
68
0
0
20
0
0
15
0
2
1
61
0
3
0
0
0
750
16
95
0
1
489
0
119
113
18
15
1
27
13
1
9
4
0
0
0
0
0
0
0
0
1
0
0
41
0
0
0
0
0
0
0
0
2
24
876
0
3
0
0
0
0
0
0
0
0
3
0
0
0
0
0
0
0
0
0
1
0
0
0
0
3
1
0
5
0
0
0
0
0
0
0
1
0
3
0
2
0
1
67
20
2
0
0
0
5
0
0
2
0
0
4
1
0
0
0
0
0
2
0
0
0
0
0
0
0
0
6
0
1
1
0
0
6
0
2
0
0
0
60
3
34
0
12
0
0
0
6
0
0
245
0
3
70
0
3
20
2
0
1
0
40
3
3
0
0
0
0
3
0
0
50
6
1
0
11
24
7
0
1
2
1
0
32
1
0
0
7
3
14
0
0
6
0
0
0
0
90
1
9
0
9
21
0
4
0
0
0
82
0
30
0
23
0
6
6
2
1
0
1
0
23
0
21
0
0
0
5
3
13
0
1
10
0
2
0
0
0
491
0
270
0
17
0
0
0
2
0
0
0
0
0
54
59
7
40
0
0
0
1
0
0
0
1
0
0
0
0
0
0
0
0
2
0
0
0
0
1
3
0
0
18
0
18
0
18
0
1
0
0
1
12
0
86
229
1
2
9
0
0
0
6
1
0
85
5
0
0
4
0
0
0
3
1
0
0
1
2
2
0
217
0
8
0
0
2
0
1
0
18
0
1
0
6
0
1
1
7
1
0
0
0
1
0
0
0
0
0
0
1
0
0
0
0
0
0
0
0
0
0
0
0
0
0
0
0
0
0
1
22
2
0
0
0
0
0
0
0
0
0
0
15
0
3
0
0
0
0
0
0
5
0
0
0
0
0
8
0
3
0
0
0
0
0
0
10
0
0
0
0
0
0
1
0
0
0
0
0
9
0
0
2
0
1
0
1
10
1
0
0
98
0
1
0
203
5
1
0
188
0
444
0
16
3
1
27
15
0
3
0
0
1
0
2
0
0
0
3
0
4
0
0
0
0
0
0
0
0
0
0
0
1
0
0
0
0
1
0
0
0
0
0
0
0
0
0
1
0
8
8
18
0
15
8
0
10
42
2
6
0
5
7
0
0
0
0
0
0
0
0
0
0
0
0
0
21
13
1
3
0
0
0
3
166
0
114
1323
0
0
0
39
184
0
3
0
0
0
2
0
0
1
1
8
0
10
0
0
6
0
0
0
1
0
0
0
0
0
0
0
0
0
4
0
0
0
0
0
2
1
0
0
1
0
1
0
0
3
0
3
0
1
0
0
0
0
0
0
0
0
0
5
0
0
0
1
0
0
0
48
0
0
4
0
3
0
1
0
0
0
0
0
0
0
5
4
15
0
0
0
1
0
0
0
2
0
0
0
0
5
0
0
1
0
1
0
0
0
0
0
0
1
8
0
5
0
0
1
0
1
0
4
0
0
0
1
0
0
1
0
0
0
17
3
0
14
6
1
4
0
3
0
0
1
0
0
0
1
0
0
7
1
59
15
25
39
0
0
18
0
2
0
0
59
9
32
49
0
2
0
1
33
39
1
85
0
0
3
0
2
2
188
3
0
0
0
0
0
0
0
96
3
0
0
0
0
0
3
0
0
0
4
0
0
0
0
0
0
0
13
5
0
1
941
94
21
158
0
0
0
0
0
0
0
42
14
0
1
0
0
4
1
0
0
0
9
0
0
0
37
4
0
41
81
0
0
0
0
0
44
1
0
0
0
3
0
0
0
0
0
0
0
0
1
0
0
0
0
0
0
0
0
0
6
1
0
0
42
0
13
0
0
0
0
12
0
0
0
0
0
0
0
0
0
0
0
0
0
885
624
25
0
4
93
0
1
0
0
0
0
0
0
0
0
0
0
0
0
0
0
0
0
0
0
0
0
0
0
0
4
0
4
0
0
0
0
2
0
0
0
0
0
0
0
2
0
0
23
3
86
1
0
0
0
3
0
0
0
0
3
0
12
0
0
0
0
0
0
2
6
0
0
0
0
2
0
0
1
0
0
0
1
0
86
4
0
0
0
2
0
0
4
0
2
0
0
0
2
0
0
0
4
0
0
4
3
0
0
0
0
18
9
1
1
1
0
0
0
0
0
0
0
0
0
96
2
0
6
0
0
1
0
193
7
78
0
0
0
0
0
0
0
1
2
0
0
0
0
0
4
0
0
1
0
0
0
5
0
2
1
655
13
11
0
39
1
0
0
0
0
0
0
0
0
0
0
17
0
3
0
4
0
0
0
0
4
4
0
0
0
0
0
0
22
17
0
1
7
0
0
0
0
0
1
1
0
0
7
0
1
0
0
0
0
10
3
0
12
12
0
0
0
0
75
0
0
26
0
45
24
2
10
0
3
9
1
0
0
0
0
1
1
0
0
0
2
3
5
5
67
17
0
0
0
0
0
0
2
0
1
2
1
596
1
68
2
4
0
3
0
13
0
10
0
0
0
0
0
0
0
0
0
3
0
0
3
0
0
0
0
1
47
7
30
0
19
4
8
13
0
13
2
1
1
8
0
5
0
1
12
0
1
9
1
2
2
0
0
0
6
4
0
4
10
0
11
4
0
40
0
80
0
52
58
1
0
6
1
0
0
0
0
0
0
16
0
59
0
0
0
0
0
0
0
0
6
0
8
6
0
8
0
0
16
105
0
3
0
0
0
182
0
16
0
241
0
0
0
0
0
0
0
0
0
1
0
1
0
0
0
0
0
0
0
36
0
16
0
5
30
0
0
0
0
1
1
0
0
78
1
0
0
0
1
0
65
1106
2
0
0
14
0
0
0
30
1
13
5
0
0
0
12
0
0
5
0
0
1
11
5
77
289
0
0
0
602
1
0
450
0
42
389
31
29
0
4
2
0
0
0
0
0
0
2
0
0
0
0
0
0
5
0
0
0
0
30
0
2
0
6
0
3
13
0
0
1
71
0
2
0
1
1
0
0
0
34
13
0
7
2
12
0
11
0
56
34
0
2
0
4
2
1
4
0
2
0
1
0
0
0
11
0
1
37
0
1
0
0
0
0
0
0
0
2
0
2
0
1
0
0
0
0
18
2
1
2
0
2
7
927
13
107
6
0
1
0
0
4
0
384
56
197
0
0
0
43
260
0
223
5
11
0
27
0
0
21
0
3
4
0
0
0
2
43
4
5
0
0
0
0
0
3
1
1
3
0
0
16
36
0
113
0
0
20
0
0
0
0
0
0
0
0
0
10
6
0
0
4
317
203
7
0
1
0
1
1
2
0
1
0
3
0
0
0
0
0
0
0
0
0
15
0
0
7
0
1
1
1
27
0
3
0
1
1
0
0
0
0
0
0
7
0
24
20
0
0
0
0
0
0
0
0
33
0
31
17
0
13
152
5
4711
1052
61
75
0
14
5
1
5
25
0
0
0
0
0
0
0
0
0
15
1
5
113
6
0
28
0
7
0
112
4
14
78
0
9
2
0
0
0
0
0
0
0
0
0
0
2
0
0
6
16
1009
506
143
118
1449
1
793
8
0
0
0
0
0
978
0
946
5
0
23
20
0
12
1
0
0
2
2
0
2
0
0
0
0
0
0
0
0
1
0
0
23
18
10
0
2
0
1
0
0
3
3
1
7
7
0
0
201
201
0
0
295
40
36
91
18
0
2
0
0
0
0
13
0
0
0
0
0
71
0
1
0
1
0
0
1
1
0
1
0
0
38
0
13
0
5
1
0
0
1
0
1
0
1
0
4517
37
0
0
0
0
0
0
1
595
514
0
105
5
0
38
2
2080
0
3
74
0
206
10
259
0
0
0
0
0
19
1
1
0
0
29
0
357
0
36
0
0
0
0
0
0
4
1
0
1
0
0
0
0
0
6
0
206
0
49
0
1
0
18
130
0
46
3
0
268
39
1
0
0
0
1
11
0
3
0
1
40
17
2
13
204
0
4
0
3
57
0
7
127
11
284
0
10
23
0
1
0
0
2
3
3
0
1
49
0
4
2
0
0
0
0
0
0
0
0
0
47
0
4
1
0
96
72
1
20
380
1
16
0
0
0
10
0
0
4
0
0
207
0
129
0
0
3
12
0
4
12
0
0
1
0
1
24
0
0
0
0
3
1
0
0
11
0
3
0
0
0
0
0
0
0
127
0
96
45
9
0
0
214
260
0
81
14
0
0
0
0
0
0
9
1
6
64
0
20
9
0
4
78
0
2
0
0
0
0
1
1
0
0
0
5
0
11
12
0
0
1
0
0
0
0
0
0
0
0
0
0
332
15
19
77
0
5
2
0
16
0
0
0
0
0
0
0
0
6
0
19
2
1
0
174
0
0
71
0
9
3
0
0
1
0
0
0
0
0
0
8
0
19
2
0
0
1
0
0
1
11
0
56
4
1
36
0
306
0
126
6
0
3
38
272
0
0
0
6
1
448
0
143
2
4
0
0
0
1
9
37
0
3
0
2
0
33
0
1
125
0
0
31
0
43
238
122
22
195
240
0
0
2
26
0
7
9
422
0
10
1520
8
0
0
0
77
235
4
0
0
43
0
0
5
0
0
0
0
0
0
1
8
21
0
0
0
10
5
0
0
0
0
2
0
0
0
38
34
0
0
0
0
0
1
0
346
2
42
0
0
190
2
246
2
57
0
1
0
0
18
386
1467
4823
23
7
2
833
0
0
0
6
1
0
0
0
0
0
1
0
0
0
0
0
18
0
0
7
0
1
0
1
0
0
0
0
0
0
1
0
0
0
3
0
0
1
10
0
1
0
0
0
4
9
0
126
0
1
0
1
20
0
4
0
0
0
0
0
2
0
1
0
0
0
0
7
7
3
0
0
0
3
0
0
4
0
0
0
0
0
0
0
0
1
1
0
6
0
4
0
0
0
0
0
7
0
0
0
0
37
0
22
197
3
17
11
56
0
1
0
0
0
0
0
0
0
0
0
0
0
0
1
2
2274
0
1061
135
0
42
50
15
4
7
7
0
229
677
2
567
0
5
0
1
0
0
1
0
0
0
0
0
0
0
0
6
0
0
0
0
0
0
1
0
75
1
1
1
0
1
1
0
34
2
0
0
0
0
3
0
0
0
0
0
0
17
0
0
0
0
0
0
1
98
0
0
56
200
22
84
1
0
0
11
0
1
14
0
0
0
5
0
2
0
0
0
0
0
0
0
0
0
0
12
0
0
0
0
1097
15
0
0
0
8
0
0
0
0
0
0
10
28
0
198
3
75
12
0
77
2
2
10
38
42
26
0
15
1
0
0
0
0
56
143
0
3
0
0
232
77
6
0
0
36
0
29
0
8
0
0
0
0
0
0
0
0
0
0
0
0
9
0
0
0
10
343
0
128
25
7
0
0
184
0
44
518
77
47
1425
573
450
15
361
0
55
5
1
0
60
0
63
34
4
13
1
158
0
9
0
0
0
0
0
0
0
0
0
9
8
0
5
2
17
8
0
1
0
0
1
221
7
0
0
6
42
4
0
5
0
0
0
10
2
0
0
0
0
1
0
0
35
0
17
8
18
30
1
17
0
0
0
111
0
51
26
0
0
0
6
0
1
197
516
138
1
34
19
9
23
0
8
7
114
843
0
202
0
0
0
7
0
0
4
1
2
1
0
0
0
0
2
0
0
1
0
63
1
0
0
2
0
0
0
0
0
0
0
0
0
0
32
5
26
3
0
71
51
0
0
0
6
4
0
3
0
6
1
136
7
0
0
0
0
0
1
4
0
0
6
0
0
339
293
3
31
0
2
0
0
0
0
0
6
0
0
18
0
4
244
0
0
0
0
69
1
52
165
0
505
178
6
0
0
30
107
2
2
0
3
0
4
0
0
1
0
1281
10
0
5
82
98
0
1
0
71
10
0
5
0
0
29
0
0
77
62
0
1
1
0
0
308
110
0
4
330
109
41
55
717
0
127
0
0
127
2
0
0
0
0
0
0
451
1772
0
1056
12
3
2
1
0
9
1
0
3
0
0
0
0
2
1
0
1
0
0
67
35
0
32
0
0
0
0
0
0
22
18
1
0
0
1
5
12
0
0
0
3
6
2
0
0
0
1
5
0
0
0
0
0
0
0
0
0
0
0
0
0
0
17
4
0
1
0
6
0
0
0
0
0
1
5
0
3
30
2
0
0
0
0
104
100
4
0
0
0
0
11
1
22
1
0
0
0
3
0
0
0
19
9
8
1
0
13
0
0
0
7
20
0
13
7
6
0
0
0
0
0
28
0
9
0
108
54
3
43
0
0
0
37
16
2
0
4
4
0
0
14
0
4
5
0
0
0
0
16
0
23
0
8
2
2
0
0
1
0
0
57
32
4
15
34
0
21
14
0
1
0
0
0
2
0
1
0
8
0
6
0
0
0
0
0
0
0
17
0
0
24
0
9
11
0
5
0
114
2
0
5
144
16
5
21
0
0
0
58
53
22
4
0
0
0
73
3
57
0
1
0
10
0
0
0
4
0
1
0
71
1
8
0
15
15
0
0
0
0
0
0
11
0
24
3
0
8
1
0
5
26
7
0
51
0
20
19
5
0
178
129
2
18
30
26
0
7
36
0
4
0
16
0
1
0
18
27
0
19
4
0
10
7
15
0
1
11
0
77
18
2
1
56
0
0
188
0
13
0
0
83
0
9
6
6
0
0
0
0
0
0
0
0
0
125
1
120
50
0
1
0
3
15
8
0
0
0
0
0
0
0
0
17
0
0
67
2
57
11
1
10
0
0
0
1
0
1
1
29
0
12
0
4
0
13
0
0
30
0
8
1
0
0
0
64
232
0
72
67
0
110
0
78
0
1
0
7
4
0
1
0
0
1
0
1
0
0
0
0
0
38
16
1
9
29
0
26
0
0
0
44
77
21
0
1
23
0
0
0
0
2
0
1
392
22
0
0
0
0
0
0
0
0
0
0
0
0
0
0
0
39
4
10
5
0
12
4
1
1
0
0
0
0
0
0
68
0
56
4
0
1
2
1
0
0
0
21
14
1
1
0
0
0
0
0
0
0
0
0
0
26
0
15
10
0
0
7
0
11
20
3
10
0
0
212
0
43
129
7
6
0
71
0
0
343
24
171
21
19
43
126
0
71
63
3
27
52
0
18
44
99
5
0
22
3
0
1227
662
139
212
1498
2
0
71
8
0
536
4
227
10
5
99
8
6
0
0
0
212
0
138
0
0
181
11
0
0
0
0
0
0
0
38
0
7
0
0
159
0
260
2
50
5
0
21
1
0
0
0
138
0
55
49
0
0
1
0
1
0
2
0
49
106
0
9
0
0
0
0
0
0
0
0
0
0
0
0
1
2
0
0
0
0
0
28
0
26
0
0
18
3
12
0
0
2
0
0
36
205
1
103
0
0
152
19
6
1
0
0
0
1
0
0
0
0
1
0
0
3
0
0
0
0
0
0
0
1
0
0
0
0
0
102
3
1
0
0
1
0
4
0
0
0
0
0
0
328
0
66
135
0
0
2
0
0
10
0
0
0
9
0
1
0
0
0
6
0
0
9
5
0
0
0
0
0
1
1
0
3
0
18
1
0
3
0
1
0
0
0
0
0
0
0
0
0
0
0
0
0
0
0
0
31
0
0
0
2
0
1
0
4
1
1
0
0
0
4
0
0
1
0
0
0
1
0
0
0
0
0
3
1
0
0
0
0
1
0
0
183
0
62
79
0
0
0
0
0
0
1
3
0
3
31
4
0
0
2
0
0
32
0
0
0
32
0
0
97
0
1
0
3
0
2
27
0
0
0
0
0
0
0
0
2
1
0
0
0
0
1
0
0
0
0
0
0
0
0
0
0
1
0
0
356
0
1
6
7
0
1
17
6
3
0
131
0
0
0
0
10
0
1
1
0
1
7
0
0
2
0
2
0
1
0
0
1
0
0
0
0
0
1
0
0
0
0
0
8
0
2
1
0
0
0
0
0
0
0
0
0
0
0
0
0
0
0
0
0
0
0
0
0
0
9
0
0
0
0
0
30
0
0
0
3
1
22
0
0
0
25
1
0
0
1
0
1
0
0
0
0
0
0
0
0
10
0
0
0
0
0
2
0
0
0
0
0
0
0
0
0
0
0
0
0
0
41
0
13
22
41
0
5
1
2
2
0
26
0
9
0
0
0
0
0
25
1
0
0
0
0
1
0
0
0
0
7
0
1
0
2
0
0
0
0
0
2
0
14
5
0
1
0
0
0
0
0
0
0
0
0
7
0
0
0
0
9
1
0
3
0
0
0
0
0
5
2
0
1
0
0
0
2
880
5
109
2
1
0
2
0
2
0
0
0
0
0
12
5
6
3
2
0
2
34
2
0
7
0
2
0
0
2
9
6
0
0
9
2
0
12
10
0
0
0
0
0
0
0
0
0
1
0
0
0
0
0
118
11
0
30
10
364
312
0
4
1399
1
0
0
0
0
2
0
14
1
0
0
0
0
0
0
1
10
2
0
1
26
0
0
0
0
0
0
0
0
0
0
0
0
7
6
4
1
2
5
2
52
6
0
0
0
0
444
3
3
7
0
0
2
18
0
0
0
0
0
0
0
715
265
0
1
1
1
0
0
0
0
2
0
10
0
1
0
9
0
0
0
0
0
2
0
0
93
551
0
121
0
0
0
0
0
0
20
12
0
0
4
0
0
0
0
0
0
0
17
5
0
0
0
0
0
0
0
0
0
3
0
0
0
0
0
0
0
0
1
0
4
0
3
0
0
0
4
0
0
1
0
0
0
0
0
7
0
0
0
0
0
0
9
147
19
5
0
0
0
0
0
0
0
0
0
0
0
16
10
0
0
3
48
54
0
1
0
0
8
0
0
0
0
1
0
0
0
1
0
0
0
8
0
8
0
6
0
4
204
7
8
688
22
75
3
25
955
0
11
0
18
0
0
0
0
11
8
0
2
2
0
1
1
0
36
35
0
1
16
0
3
0
17
0
0
0
0
0
0
0
0
0
0
0
0
0
3
0
5
0
2
5
46
43
0
2
0
0
1
0
2203
99
97
0
1018
0
0
2
1
0
5
0
0
0
0
2
0
1
0
0
0
0
0
1
0
0
268
1
0
3
4
0
59
2
0
0
0
100
0
442
80
342
272
0
11
0
0
0
16
0
0
8
0
8
0
1
0
0
13
1
1
0
0
0
0
0
0
0
0
0
0
0
17
2
0
2
2
1
0
0
1
0
0
1
0
0
2
3
2
0
0
10
0
0
0
0
5
4
0
0
0
0
0
31
0
6
0
3
0
0
165
0
205
13
195
0
5
7
3
1
9
0
5
90
0
0
2
26
21
0
0
0
41
0
0
0
7
0
17
0
24
3
0
0
0
0
0
0
0
0
0
0
0
0
38
0
0
0
4
1
0
15
0
0
1
0
0
1
0
0
0
0
1
0
0
0
89
0
0
18
222
0
0
0
17
0
0
0
0
0
0
2
0
4
0
0
0
0
0
107
2
4
1
2
0
0
356
82
110
43
0
2
2
0
0
0
0
7
0
4
12
49
35
3201
0
0
0
10
20
0
0
0
0
0
0
0
0
1
2
0
1
0
0
0
0
7
0
0
0
0
20
0
7
21
12
4
0
2
0
0
0
0
0
18
0
0
0
0
19
2
34
0
0
0
0
0
0
0
0
0
4
0
10
0
15
0
15
31
24
222
41
0
64
792
130
0
1
149
672
3
3
6
16
24
0
3
0
0
0
0
1
8
27
3
0
0
0
14
0
2
32
0
13
9
0
0
274
57
24
0
7
0
0
0
3
2
0
0
0
0
0
0
0
2
0
0
1
0
0
0
2
2
0
0
3
352
0
71
0
0
1
3
0
0
0
15
32
0
0
0
20
0
0
5
4
0
0
0
0
0
0
0
51
1096
2
0
42
20
13
0
0
2
171
0
49
4
14
3
218
1057
0
14
29
0
6
0
3
0
0
0
2
0
0
0
7
6
0
0
0
0
58
0
24
1
0
0
0
0
0
0
0
49
0
4
0
41
11
17
0
2
0
24
0
5
4
0
0
0
0
0
0
0
0
102
0
0
0
2
0
0
48
0
114
0
17
0
0
0
0
5
2
0
0
5
0
0
0
0
0
9
0
2
4
0
550
922
8
0
460
23
0
54
153
10
46
101
2
0
664
2
5
10
7
1
0
0
7
0
0
0
415
0
3
467
362
58
1
74
19
0
11
2
0
118
0
29
3
0
0
17
0
4
3
0
0
3
0
0
0
0
1
0
14
0
0
6
0
0
0
127
4
5
5
0
0
565
113
6
268
40
5
0
0
0
0
6
1
1
6
0
0
5
0
4
9
1
2
70
0
0
0
0
0
10
0
0
0
0
0
3627
2259
10
0
359
1
298
129
0
46
0
3
115
2
6
0
2
0
0
0
0
0
0
0
0
0
1
0
0
1
14
25
0
5
10
0
0
0
1
0
0
1
0
0
0
0
0
0
0
0
2
0
0
0
0
0
0
0
19
0
12
0
0
1
2
0
3
0
1
0
13
10
0
0
0
1
3
0
0
0
1
11
0
0
2
15
0
0
0
0
0
0
0
0
0
0
0
0
47
0
1
0
2
0
0
0
6
0
0
0
17
0
1003
0
0
43
22
0
0
4
4
0
1
4
0
1
0
0
0
0
1
21
0
12
42
0
0
0
0
0
0
0
0
0
3
0
0
0
2
0
0
2
0
0
2
0
28
33
0
0
0
0
0
0
0
0
0
0
1
127
93
0
1
1
12
0
0
0
0
0
0
0
0
0
0
0
0
0
0
0
0
0
2
1
0
0
0
0
0
0
0
0
0
1
0
0
0
0
0
0
0
0
2552
0
0
0
0
0
0
0
0
0
444
0
30
0
1595
78
353
31
549
5
67
0
0
0
99
19
0
1
0
0
0
7
0
0
0
0
1
0
0
0
0
0
0
0
22
58
39
0
2
0
0
0
0
2
0
1
0
0
2
0
1
0
0
0
0
0
0
0
0
0
0
0
0
1
0
0
1
0
1
0
15
0
0
1
0
0
0
0
0
0
0
0
0
0
0
0
3
0
0
2
9
7
2
0
0
0
0
0
1
131
0
7
1
0
0
0
0
46
0
1
0
0
0
40
329
0
36
136
695
2
97
1
2
1
0
1
37
63
1
0
0
0
14
2
0
2
0
25
0
27
170
5
1
8
25
2
0
0
2
25
0
64
11
12
14
0
1
0
0
1
0
16
3
0
0
2
0
0
0
3
11
0
1621
0
0
0
0
59
0
2
0
0
8
5
0
0
0
0
61
78
0
1709
7
325
0
0
0
0
0
0
7
2
0
2
0
0
0
4
2
677
2
0
1
12
165
110
20
17
0
0
0
0
2
0
0
226
177
2
19
33
24
0
3
0
0
0
1
0
474
0
107
26
27
24
0
1
8
1
13
0
1
12
59
0
17
0
12
1
35
89
0
0
0
2
2
0
0
10
0
4
341
0
117
0
182
1
65
42
196
67
1
0
0
1
0
0
0
206
0
3
4
2
8
0
1
0
26
0
13
217
2
0
0
0
39
0
30
26
0
2
20
0
1
6
0
2
0
0
0
0
0
0
0
0
0
0
0
23
6
0
0
0
0
0
2
0
0
0
0
26
0
0
0
0
0
0
0
20
2
4
0
177
64
3105
1
0
0
0
0
0
0
0
0
22
18
4
1
136
0
7
0
85
0
0
0
0
0
0
0
0
0
14
28
62
0
44
4
0
0
21
411
1
0
2
0
1
3
84
0
34
9
9
0
26
12
0
7
0
3
11
0
1
0
3
0
0
0
0
12
2
0
1
0
0
1
0
0
33
2
8
4
0
0
0
0
0
41
4
1
0
0
1
0
0
0
0
0
1
0
4
0
36
10
0
10
0
0
5
36
1
3
0
1
0
0
0
0
96
1
2
37
0
0
0
45
0
1
1594
0
1374
1
0
1
0
0
0
1
0
0
3
0
0
1
15
0
4
0
4
0
0
3
170
7
9
24
34
27
0
0
27
0
0
652
0
371
23
0
0
2619
613
0
208
160
1
1200
259
7
44
0
32
8
0
6
56
3
325
0
0
0
0
187
0
4
261
562
0
89
14
0
4
19
0
0
0
1
0
0
103
0
0
1
81
0
8
0
2
74
553
0
14
66
2
3
243
6
2
0
0
371
12
7
0
0
7
8
0
2
33
1
4
0
0
0
0
0
0
0
0
0
0
0
0
0
0
2
186
369
9
0
12
4
0
2
7
1
0
72
34
2
3
0
24
0
2
20
13
1
1
22
0
7
0
0
0
0
42
1
0
0
0
0
0
8
0
0
4
1
0
0
0
0
0
0
0
0
3
0
0
0
0
69
117
1
0
0
0
4
0
0
0
11
4
0
3
19
0
0
10
0
4
0
0
0
0
0
0
0
7
0
0
81
0
5
137
0
69
25
0
13
0
5
0
0
0
0
0
2
0
0
0
0
6
0
6
0
0
37
38
0
0
1
0
0
17
3
112
0
19
375
0
24
2
1
14
2
20
0
4
101
642
9
5
0
5
4
0
0
1
9
0
1
1
0
0
16
0
3
73
9
45
0
7
0
0
0
0
1
332
9
0
3
4
1
3
0
0
0
0
0
5
0
2
0
2
18
0
3
0
0
2
0
0
0
0
0
1
0
1
26
0
0
0
0
0
0
1
0
0
33
17
0
86
1
28
46
0
6
11
0
6
6
0
0
0
0
0
2
0
0
151
25
9
15
1
0
7
0
1
1575
12
0
0
0
4
7
0
0
0
0
0
0
0
0
0
0
55
0
4
0
1
11
0
9
0
0
0
1
0
29
2
0
0
0
0
0
0
0
0
0
4
0
9
0
0
0
0
0
9
0
0
0
20
0
4
0
0
37
0
0
0
38
0
1
0
3
0
0
0
3
0
0
13
0
1
0
0
0
0
0
0
0
0
7
3
2
8
4
0
0
0
0
0
0
0
12
0
0
1
0
0
2
11
1
0
0
0
0
47
2
107
4
55
0
2
159
6
0
0
13
0
0
0
3
0
0
0
0
0
0
11
2
0
0
1
0
0
6
0
0
90
0
0
0
1
0
16
0
0
1
6
0
0
0
0
0
0
0
2
0
0
0
0
0
0
0
3
0
0
0
0
0
0
0
38
0
1
0
3
3
0
82
0
8
0
0
0
0
2
0
3
0
1
16
0
58
0
3
0
0
0
0
0
0
21
0
13
18
0
0
9
0
0
4
0
0
0
0
573
45
20
0
0
0
0
0
0
0
0
0
0
0
0
3
4
1
0
0
0
0
42
0
17
0
0
0
0
7
0
0
0
0
0
0
1
2
3
0
7
0
4
6
0
13
0
0
0
0
0
1
0
0
38
0
30
176
0
33
1
8
0
21
1
0
99
0
2
1
0
0
2
0
0
1
0
0
1
22
0
0
2
0
0
0
44
0
0
0
0
0
1
2
0
0
7
0
0
0
0
2
2
0
0
0
45
0
0
0
4
0
3
0
0
0
0
2
2
0
0
0
0
0
1
2
58
0
22
7
24
0
2
0
0
0
74
0
0
0
0
2
0
3
0
0
0
1
0
0
47
0
0
0
0
0
0
0
15
74
0
0
0
0
4
0
6
376
6
71
1
0
0
1
0
0
0
0
0
0
0
0
0
21
0
15
103
11
18
0
52
0
15
0
0
0
1
4
0
2
0
19
19
4
0
0
1
0
1
0
1
48
0
35
0
626
1
536
63
0
0
7
0
0
2
0
0
0
0
5
0
0
0
2
0
0
0
0
29
0
5
0
1
4
0
0
0
0
0
0
0
0
0
0
0
0
4
0
0
6
1
1
0
0
0
0
2
0
14
5
0
0
0
0
85
5
43
0
0
0
12
12
0
0
0
0
0
0
2
2
0
0
0
1
1
0
0
0
0
0
10
0
0
0
0
0
0
5
0
0
0
100
4
0
2
0
0
0
0
0
0
0
2
0
0
0
2
0
0
0
0
0
0
20
0
2
0
1
0
1
0
0
0
0
39
0
17
0
0
0
2
0
0
0
0
22
0
0
49
1
0
1
0
0
0
2
0
0
7
0
1
14
0
0
0
1
0
0
2
0
0
0
0
0
0
0
8
433
0
0
1
0
0
19
1
0
0
4
0
0
0
2
0
0
0
5
0
0
1
15
0
3
5
1
0
0
0
0
0
12
9
1
0
0
8
0
0
0
34
0
34
6
0
5
0
0
0
0
0
1
0
0
8
6
0
0
0
1
0
0
13
0
0
0
1
25
0
14
25
0
53
16
52
0
0
1
0
1
0
0
0
1
0
0
0
54
18
29
200
0
169
0
0
0
0
0
2
0
24
0
0
2
2
0
0
5
0
0
0
0
69
0
57
0
0
0
0
0
7
0
0
0
0
0
0
0
2
0
1
0
0
0
0
0
0
1
0
0
0
0
0
0
0
0
0
0
0
0
0
3
0
0
0
0
0
0
56
0
0
0
2
0
8
0
0
0
8
0
1
3
11
3
0
0
0
0
0
1
0
0
2
0
0
0
1
0
0
0
18
0
0
0
0
0
0
0
0
1
0
19
0
0
66
2
0
63
2
0
0
0
12
0
4
274
1
216
296
1
0
0
0
68
2
13
112
0
31
0
0
0
0
12
0
12
5
0
0
0
0
0
7
0
0
0
0
0
0
2
847
0
0
0
1
0
0
0
0
0
0
0
0
0
1
1
0
0
0
0
0
0
0
0
0
0
34
0
7
0
97
4
0
37
19
5
2
1
2
2
0
0
0
0
0
0
0
7
6
1
46
0
0
1
1
0
0
0
0
0
0
1
4
0
1
2
5
0
0
2
61
0
10
0
0
0
0
3
0
23
28
13
82
0
0
0
20
0
0
0
0
15
0
2
0
11
5
2
2
64
2
0
0
190
6
0
0
0
0
72
2
35
36
0
9
0
0
0
0
0
0
0
0
0
0
0
1
0
0
0
202
0
42
9
3
0
0
20
0
17
0
0
6
3
0
5
1
0
4
0
8
0
0
0
0
428
3
0
1
2
0
0
3
0
20
2
0
0
0
7
0
0
0
2
0
696
0
46
140
16
0
0
2
0
0
0
0
0
0
0
0
0
1
5
0
0
0
0
0
0
0
0
0
0
59
41
0
0
1
0
0
8
0
10
0
28
0
80
4
0
0
0
31
0
0
0
3
0
55
184
3
133
70
3
26
2
182
55
0
28
0
9
0
48
0
0
0
4
4
0
0
0
11
1
0
20
4
0
0
3
19
1
0
20
0
43
0
17
102
6
3
0
2
0
0
0
0
0
3
4
6
0
0
6
0
0
240
46
2
0
0
13
0
4
0
0
0
1
3
0
1
0
4
0
0
0
0
2
0
1
0
3
1
0
1
0
0
0
0
0
2
0
0
1
5
0
0
0
0
1
0
0
1
0
0
0
0
13
0
0
5
26
0
2
0
4
0
0
0
1
0
47
0
36
0
0
0
0
5
839
0
2
2
0
0
16
0
0
0
0
0
1
0
0
0
0
0
0
0
0
0
15
6
19
4
4
11
0
0
224
0
25
149
96
2
7
0
0
0
0
0
0
0
0
0
0
0
2
1
0
1
0
0
0
1
0
0
0
0
0
9
0
0
6
2
1
0
0
0
1
0
0
0
0
0
0
0
0
0
0
0
0
2
0
0
0
0
0
0
0
0
0
0
0
0
0
0
0
0
3
0
2
0
0
0
0
0
8
0
0
273
8
106
2
302
0
61
3
0
0
0
0
75
30
0
0
0
0
2
0
0
0
0
0
0
0
0
0
1
5
0
1
0
0
72
2
1
1
0
6
9
22
4
0
45
149
0
1453
42
0
446
0
186
125
0
234
24
0
8
34
0
0
0
0
9
0
0
0
0
0
0
34
25
5
0
101
71
0
1
0
6
0
15
13
0
0
0
0
0
0
0
0
0
0
0
0
0
0
0
0
0
0
0
0
44
0
0
0
2
0
2
0
0
0
0
0
0
1
0
0
0
0
0
0
2
0
0
0
0
0
0
0
14
1
0
0
3
0
0
0
28
0
0
0
0
0
0
0
0
0
0
0
0
0
0
14
1
1
2
0
1
0
38
1
7
0
0
0
2
1
0
7
1
2
0
5
0
0
0
0
5
0
0
0
0
0
0
0
0
2
3
0
0
0
2
0
0
3
0
18
0
0
0
1
0
0
1
0
0
0
2
5
0
1
0
0
1
0
0
0
0
0
0
0
0
6
0
0
7
0
0
11
2
2
12
2
2
5
0
0
0
0
1
0
0
0
0
0
0
0
8
0
5
0
1
2
76
0
1
0
0
0
0
0
0
0
0
0
0
0
0
0
0
0
0
0
1
0
0
0
1
0
0
0
0
0
2
0
1
1
0
1
0
2
1
0
8
0
2
7
3
0
15
0
11
21
19
0
1
1
0
299
1286
31
13
215
21
0
167
14
0
55
0
26
0
0
123
19
0
5
0
0
0
0
0
0
0
0
0
0
0
0
1
0
0
0
15
4
3
0
2
0
0
7
0
3
0
1
0
0
0
0
0
0
2
0
0
0
0
1
0
0
0
0
4
0
2
211
127
34
1
0
28
6
1
34
5
0
0
5
4
0
0
6
13
0
1
4
0
27
6
0
127
5
0
0
0
3
2
0
0
0
19
0
0
0
3
2
4
0
0
0
0
0
0
0
2
0
1
5
0
1
0
3
0
0
1
0
28
3
17
0
0
3
3
2
3
0
2
1
0
2
1
0
0
0
6
0
23
0
1
0
1
0
0
0
0
0
0
0
0
0
0
0
0
0
5
5
0
2
0
0
2
0
1
0
0
7
2
0
0
0
0
9
0
0
0
0
0
0
0
0
0
1
0
5
35
6
0
0
0
0
8
0
0
0
0
3
0
16
0
7
0
0
0
239
18
25
0
0
0
18
0
0
0
0
0
0
0
1
3
1
4
0
0
0
1
0
0
0
3
1
1
1
0
1
2
0
1
0
0
0
3
1
0
0
0
4
0
1
0
0
0
0
0
0
0
0
0
1
0
1
0
11
0
1
34
0
0
0
0
0
16
0
0
0
1
2
0
1
1
0
2
0
0
0
0
7
0
6
5
2
0
0
0
0
0
59
1
0
0
0
2
0
0
0
0
0
0
0
3
0
0
3
0
0
0
1
1
1
0
0
0
0
6
0
0
0
0
1
0
0
0
0
0
0
0
1
1
0
0
0
1
0
0
0
0
0
1
0
0
16
0
0
0
0
0
0
0
0
0
0
0
0
0
3
0
0
16
0
8
7
0
0
0
1
0
0
0
0
1
18
1
0
7
1
0
29
0
0
0
1
2
0
2
0
0
1
0
770
0
1
0
0
0
0
0
0
0
0
0
0
0
0
0
0
0
0
13
90
0
1
0
35137
207
2668
1807
335
66
0
0
24
1
0
1
0
0
0
0
14
1
0
0
2
0
2
0
0
0
2
105
146
0
2
0
0
0
0
1
0
1
7
1
3
0
0
0
0
0
231
204
0
2
0
8
0
0
66
1
8
0
218
6
3
5
15
15
2
0
3
1
3
0
195
4
19
15
4
0
0
0
3
0
0
97
0
86
3
25
0
9
0
3
0
0
0
0
0
0
0
0
0
0
0
0
38
0
2
0
0
3
57
0
1
0
0
2
0
18
0
12
0
9
68
11
0
0
19
0
0
25
1
0
26
21
4
0
0
0
0
8
0
5
0
0
1
11
0
7
0
6
0
0
0
2
2
4
24
23
0
0
0
0
0
0
0
0
0
1
0
0
0
0
3
9
0
1
0
14
0
0
0
2
0
2
0
1
174
0
10
1
0
0
0
132
3
0
0
33
0
0
0
80
2
0
0
0
0
11
0
0
0
0
0
0
0
0
1
0
0
0
1
1
0
1
0
0
0
0
5
0
0
88
6
0
0
5
0
0
3
0
0
0
0
0
0
0
0
0
0
1
0
0
0
0
0
0
8
0
0
0
3
2
0
0
20
0
0
0
0
0
0
2
0
8
38
0
0
0
0
0
7
5
0
0
24
0
0
51
0
77
0
0
0
0
1
0
0
0
28
0
0
1
0
0
0
0
0
0
0
0
0
0
45
0
6
0
1
0
1
15
0
0
0
1
10
0
651
117
0
601
0
2
1
9
0
0
2
0
0
0
20
0
0
5
0
0
0
1
47
0
5
17
0
206
3
3
3
1876
2
0
0
1
0
0
0
0
2
0
0
32
0
0
1
12
0
622
0
2
0
0
0
0
0
2
0
10
1
0
0
0
0
0
0
42
0
4
0
1
0
4
0
2
0
0
2
0
0
0
0
0
0
0
0
0
1
1
0
8
0
7
0
0
2
2
0
0
0
0
0
0
0
0
0
0
0
1
2
0
28
0
0
0
0
6
6
26
0
6
4
0
0
0
0
0
5
0
0
1
0
0
0
0
0
0
0
0
1
0
15
0
0
15
0
0
0
0
0
0
0
0
0
0
0
0
0
0
0
0
0
0
0
0
0
0
0
0
3
0
2
0
0
3
0
0
0
0
0
23
0
7
5
0
0
0
0
0
0
6
0
0
0
0
0
0
0
0
3
0
0
0
0
6
2
0
1
0
0
5
1
0
0
0
0
0
0
0
1
0
0
30
1
2
0
5
0
0
0
0
1
1
0
4
12
0
12
4
11
9
0
0
0
0
0
0
0
54
0
0
0
12
2
0
0
1
0
0
0
6
0
0
11
0
0
0
1
62
1
0
2
0
0
0
0
0
0
1
0
0
0
1
0
0
0
66
3
0
13
0
0
168
3
0
1
5
0
16
0
11
0
0
27
0
16
0
3
3
0
1
0
23
1
0
0
7
1
0
53
0
0
0
1
0
1
0
1
0
44
0
49
3
0
0
1
0
0
0
1
0
0
4
0
0
0
0
0
10
3
0
0
0
0
0
6
0
283
0
0
7
2
0
0
0
0
0
2
0
4
0
1
0
1
0
1
0
0
0
0
57
0
3
0
0
0
0
0
0
5
0
2
0
11
0
0
0
1
0
0
0
5
1
0
0
0
0
8
42
6
0
0
0
0
8
0
6
0
0
0
1
8
8
0
2
0
9
2
0
0
0
0
0
0
44
2
47
0
11
1
1
0
8
0
0
7
94
0
0
1
4
0
13
1
0
0
1
0
0
0
0
4
2
0
0
0
1
0
6
0
0
0
0
0
1
3
0
3
0
0
0
0
0
0
0
0
0
0
0
0
2
0
0
0
0
9
0
0
1
30
0
14
8
0
0
0
0
0
25
0
3
0
3
0
19
0
2
5
1
0
0
15
0
2
2015
106
0
1907
0
0
0
5
0
0
0
0
1
0
0
0
0
0
12
6
2
1
0
0
0
2
0
0
0
100
2
2
0
15
1
0
0
0
0
0
2
12
8
0
1
7
0
23
0
0
0
0
0
0
0
5
0
3
0
0
0
0
0
3
0
3
0
0
5
0
0
0
0
0
0
1
0
0
0
3
0
0
0
0
107
0
25
0
0
0
0
0
0
0
0
0
0
0
0
0
0
5
0
2
0
0
0
0
0
2
15
0
200
23
0
2
0
1
0
1
0
1
0
1400
0
0
15
541
1
4
0
0
0
0
0
0
0
0
0
1
0
0
0
0
0
0
0
0
0
0
1
4
0
18
8
0
0
0
4
0
0
1
0
0
0
0
3
0
9
112
9
3
24
0
11
1
28
16
0
9
0
27
2
0
1
4
23
1
0
1
0
0
0
0
0
7
1
0
10
0
1
5
0
0
0
0
0
0
0
2
0
0
0
2
0
0
0
1
0
0
0
4
0
0
0
1
38
0
0
0
7
1
7
0
137
0
0
27
0
1
1
16
0
0
1
0
0
0
0
0
3
3
0
0
0
0
11
0
5
0
0
0
0
9
3
0
2
0
0
3
0
0
0
0
2
0
0
0
3
19
2
46
0
3
0
1
0
1
0
6
0
77
3
0
0
0
28
0
0
0
0
0
0
0
0
0
1
28
0
0
1
0
3
13
0
0
0
0
5
0
0
0
0
0
0
0
14
14
0
6
0
4
2
0
1
0
2
0
0
0
0
0
0
0
0
1
0
1
0
9
2
0
3
0
2
0
139
0
0
0
31
0
150
0
0
0
0
0
2
0
0
0
0
18
4
0
0
0
18
0
0
2
0
0
0
0
0
0
0
1
0
1
0
1
0
2
0
0
0
0
0
0
26
0
6
0
0
0
10
0
3
0
2
0
0
4
1
0
0
0
78
1
0
0
0
14
0
0
3
0
0
1
0
0
0
1
144
608
172
2
0
0
0
0
1
0
8
0
6
0
10
7
8
0
2
0
0
15
0
0
0
0
0
2
0
0
0
0
0
0
3
0
14
0
0
3
1
0
0
0
0
0
2
0
0
0
2
18
17
0
3
0
4
1
1
0
0
0
0
61
1
0
0
0
0
5
0
1
4
0
0
0
0
0
34
0
1
11
80
0
0
0
0
0
8
1
0
2
0
0
2
0
0
0
0
5
165
0
0
0
0
5
0
0
4
1
0
1
3
0
3
5
0
0
1
2
2
0
0
1
0
0
0
0
6
1
0
21
0
2
0
9
6
0
0
0
0
0
3
0
0
0
0
486
83
0
1
162
0
1
41
0
1
0
0
1
0
0
0
0
2
0
2
1
0
1
5
1
0
19
3
0
0
0
24
0
10
0
0
2
1
0
13
0
0
0
0
0
0
1
0
52
12
0
2
2
0
0
0
0
0
65
15
0
0
0
0
3
0
0
0
0
0
0
0
0
1
4
45
1
0
0
1
24
0
0
0
1
0
0
0
0
0
0
0
0
0
0
0
0
39
0
6
0
0
0
0
0
15
0
0
1
0
0
0
0
1
0
1
23
0
0
10
0
6
0
1
0
25
0
52
0
88
0
7
540
536
1
1
97
0
5
0
0
139
0
0
0
0
0
0
0
0
0
0
0
0
0
1
0
0
5
1
0
0
0
0
0
0
0
0
3
2
15
0
13
0
0
0
1
1
0
0
16
0
15
6
426
1
0
0
61
1
8
30
0
1
0
0
1
0
1
0
3
0
0
3
0
0
0
0
0
0
0
0
0
0
22
0
0
0
0
0
1
23
0
0
9
0
0
0
0
0
0
0
0
0
0
0
0
0
7
0
0
0
0
0
3
0
0
3
0
0
4
0
348
6
0
0
0
27
0
5
2
0
0
0
5
2
0
0
0
0
0
0
0
0
0
1
0
0
5
0
3
0
0
0
33
2
56
0
56
0
7
0
2
0
0
0
1
0
0
0
2
0
0
0
1
15
0
0
1
0
0
12
42
0
0
1
146
0
0
0
124
14
0
0
0
61
2
0
5
47
0
0
1
0
0
0
0
0
0
56
2
0
0
1
0
0
0
0
1
0
0
0
4
9
0
59
0
37
0
0
2
0
0
66
0
3
0
0
0
4
3
0
0
1
0
0
0
9
0
4
0
0
0
0
0
0
0
0
0
0
0
0
0
0
0
0
2
0
1
3
0
0
2
0
4
0
0
0
0
0
0
0
0
0
2
0
4
0
0
0
0
21
6
0
0
0
0
4
0
0
0
0
50
0
0
0
0
0
13
6
1
0
0
5
0
0
0
3
0
0
0
38
1
9
0
0
0
1
1
0
0
0
0
1
0
0
1
0
1
2
0
0
4
0
0
0
0
0
0
0
0
0
0
0
2
0
0
0
0
4
0
1
3
6
5
0
1
0
1
0
0
6
28
0
29
0
1
1
0
1
0
0
1
0
0
0
3
0
24
0
6
47
0
7
2
3
0
64
3
5
5
0
0
1
10
0
0
0
32
5
0
0
0
30
0
15
0
5
0
2
0
1
0
0
2
0
13
10
0
1
2
0
0
29
0
0
0
0
0
2
0
6
34
251
0
8
2656
2
1
54
161
0
146
0
0
0
2
294
30
17
20
0
3
0
22
0
0
1
3
2
0
13
0
0
0
0
0
0
0
2
0
0
0
0
0
0
0
0
11
3
0
0
0
0
0
0
0
0
6
12
0
0
0
5
0
45
2
0
0
0
0
0
0
1
0
1
13
41
0
56
0
0
9
1
0
3
0
62
31
13
16
21
0
13
0
0
0
0
6
0
3
0
364
133
131
13
58
0
23
6
0
14
0
3
19
0
0
0
1
31
0
184
0
20
97
9
1
8
0
68
0
0
1
0
0
0
0
2
0
175
0
0
0
0
16
3
0
0
0
0
0
8
0
0
0
0
0
0
0
0
7
9
0
0
0
2507
0
0
2
0
0
0
0
0
0
3
464
23
1
5
498
0
0
6
6
0
0
0
14
11
0
0
0
3
2
0
2
0
0
10
0
0
7
0
11
0
9
7
0
0
0
0
0
0
0
24
0
9
5
37
0
0
3
0
7
6
7
0
1
8
0
0
0
33
0
3
0
0
0
0
0
20
0
4
16
0
0
0
0
0
38
11
0
0
0
0
46
0
0
0
15
6
0
0
3
186
0
5
0
0
32
7
1
0
0
0
0
72
1
0
0
38
0
1
0
25
0
0
0
0
0
79
0
0
14
0
0
7
5
0
14
0
13
3
0
0
0
0
35
0
40
2
0
0
15
0
0
1
0
0
2
1
0
0
0
1
0
0
0
0
0
3
0
21
19
0
10
3
5
13
19
0
5
21
1
10
1
0
0
2
0
0
0
2
0
15
0
0
0
0
2
0
0
0
0
0
0
2
0
2
0
10
2
5
6
0
12
0
0
0
17
2
0
276
0
1
316
0
175
0
31
143
6
11
497
0
414
46
0
0
1
0
0
0
0
0
0
19
0
9
0
678
0
111
55
0
0
0
2
0
0
1
1
0
0
0
112
0
0
0
14
0
776
0
11
0
0
0
0
0
2
3
148
130
0
2
11
0
0
5
0
31
0
0
1
0
0
0
0
0
0
2
0
0
1
0
0
0
5
0
9
7
1
0
1
0
16
0
2
0
0
0
4
462
0
0
6
11
0
45
9
0
3
0
38
387
26
0
0
8
0
1
0
0
1
256
12
200
0
1
3
2
0
40
3
0
0
245
42
45
0
0
1852
0
614
0
0
3
3
22
7
0
2
18
0
0
0
1
7
2
0
3
0
0
0
0
3
1
0
0
16
0
1
0
0
0
0
1
0
32
0
19
8
0
120
10
0
6
5
0
1
0
0
0
19
0
13
14
0
517
22
0
0
18
2
0
86
60
0
0
1
0
0
5
0
0
0
0
0
0
7
0
0
0
182
10
0
0
0
0
1
3
0
0
0
0
13
0
10
0
4
0
1
0
1
2
74
65
1
5
194
0
5
6
1
1
4
0
7
1
0
0
4
0
7
0
5
0
0
20
20
0
3
9
0
23
19
1
1
35
0
1
0
0
0
0
6
2
0
46
0
8
2
0
0
16
0
0
740
0
0
0
0
16
10
0
0
0
0
0
16
105
51
0
2
0
8
7
0
3
33
0
93
0
36
0
0
0
0
2
1
0
26
0
0
0
1
0
0
0
70
0
3
0
0
0
1
0
0
0
1
0
17
1
0
0
0
0
0
0
0
1
11
6
3
1
6
0
59
0
0
0
49
0
5
0
108
4
0
8
101
0
0
0
1
0
23
0
3
0
0
0
45
0
72
9
1
0
0
6
0
18
4
0
0
9
0
5
1
0
0
0
0
0
24
21
0
83
3
2
0
5
0
0
0
1
0
0
0
0
0
2
0
13
0
2
6
0
72
9
0
14
2
22
1
346
9
221
39
48
65
0
1
127
1
0
0
0
5
0
0
0
1
0
0
3481
1475
0
0
136
77
4
0
16
3
43
1
0
0
0
4
0
0
25
10
1
1
18
58
0
0
0
0
0
3
9
0
0
10
4
1
1
0
0
0
0
0
0
0
18
0
5
170
0
0
0
0
0
0
26
54
0
0
0
1
1
26
0
34
2
4
0
2
0
6
0
0
0
13
1
1
0
368
265
0
0
0
0
0
3
1
15
0
1
2
2
3
13
0
0
2
0
0
0
3
0
5
0
232
1640
0
0
3207
206
1
100
9
2
0
0
6
0
0
0
0
0
8
0
44
0
0
0
251
0
473
1046
0
374
40
0
0
0
3
349
1
1250
0
260
66
0
66
1
0
71
0
0
2
14
0
5
28
0
9
0
1
0
194
0
0
0
2
3
1
10
0
6
74
30
1
0
33
0
0
0
5
0
0
0
11
8
0
0
0
3
0
0
0
17
0
3384
17
0
17
11
0
0
1
16
0
0
0
13
13
0
0
119
44
1200
0
0
0
0
0
0
2
0
9
0
3
18
0
3
1
0
0
8
0
0
0
4
0
145
0
14
72
0
0
46
0
23
0
0
0
0
1
0
33
0
6
4
4254
0
0
167
0
93
20
0
264
261
1
8
6
1281
11
1
3
0
631
0
11
0
0
0
2
0
1
0
0
126
2
4
0
24
1
0
0
25
43
0
185
7
0
0
0
0
0
64
0
1
0
2
0
12
0
0
10
28
0
11
1
26
0
1
0
23
0
3
0
0
3
0
19
0
385
0
189
0
0
4
1
13
1
0
23
19
0
0
0
0
1
105
9
0
0
85
58
0
0
0
15
22
2
0
0
0
3
16
4
0
16
0
1
1
0
0
0
9
2
13
0
3
0
6
0
0
13
0
0
1
0
179
74
0
1
0
2
1
0
0
0
6
0
11
0
0
0
33
0
42
0
4
2
15
0
0
1
0
0
44
0
101
55
1
14
56
0
16
0
14
36
0
8
1
0
0
0
0
2
0
1
0
0
0
0
0
2
0
0
0
3
40
0
4
41
28
0
2
555
2
0
8
0
0
6
9
0
49
1
21
2
0
0
0
0
0
292
0
110
53
330
0
0
11
0
5
8
0
80
3
45
3
5108
26
0
40
0
0
0
1
1
0
45
0
27
0
0
11
316
0
4
0
0
2
0
41
24
162
0
7
19
38
5
11
2
0
3
0
0
0
2
1
0
0
0
0
8
0
0
12
2
1
9
1
0
0
2
0
257
3
144
6
160
0
150
5
0
101
0
0
0
0
0
45
1
70
0
4
12
0
1
28
20
0
14
0
12
1
11
0
1
0
5
0
0
4
1
1
3
0
0
0
0
0
0
0
0
0
0
33
24
0
1
1040
6
315
0
4
0
0
58
0
4
0
0
0
421
0
33
0
16
0
0
0
0
0
0
0
0
0
0
0
0
3
2
0
13
0
0
0
0
0
2
244
0
71
245
0
9
1
0
15
0
0
0
0
8
0
1
12
0
5
4
0
0
0
13
6
6
0
23
7
0
0
1
0
0
0
0
9
5
0
0
0
1
7
0
0
0
4
1
0
2
0
0
0
0
0
11
0
0
0
2
37
0
15
1
0
2
0
0
0
2
56
0
24
0
0
0
0
0
3
39
0
11
9
0
0
15
0
1
0
0
0
58
2
23
0
0
0
0
0
0
7
0
0
0
0
0
2
0
0
9
0
4
0
50
1
0
0
0
6
1
2
5
0
4
0
0
0
0
0
0
0
161
0
4
0
0
0
0
0
0
0
0
17
87
0
0
4
0
1
0
6
0
5
50
733
0
260
6
1
0
6
354
131
24
0
2
0
0
5
160
0
0
517
0
281
0
4
119
136
1
43
0
0
0
0
20
11
0
0
0
0
28
1
21
5
0
18
0
11
1
0
3
44
23
0
4
137
0
0
0
75
59
37
3789
1009
5
0
40
28
2
2
9
31
2088
176
33
476
16
0
317
29
1
177
1
70
884
142
4
0
3
1
0
0
0
3
21
0
2
0
6
472
3
14
0
6
0
8
0
1
0
235
10
8
0
22
107
0
0
4
2
6
0
3
1
3
0
0
0
13
216
0
0
280
23
0
80
2
0
0
0
3
0
0
1
0
39
0
3
0
0
0
364
12
55
313
0
0
7
0
0
0
0
0
0
594
3
0
1
1
0
1
37
0
208
1021
0
197
13
18
0
0
0
15
0
3
0
0
8
0
0
8
0
218
2
0
0
21
76
2
0
28
0
0
0
0
228
119
0
341
0
0
6
7
46
0
9
70
0
3
3
3
0
9
1
3
69
11
16
0
3
48
0
30
0
11
7
0
0
0
0
0
0
46
1
13
9
0
0
5
1
3
0
0
0
0
1
0
0
40
15
2
15
0
2
1
52
38
0
2
10
1
12
0
18
0
2
3
58
0
0
0
5
1455
538
8
0
1
0
2
2
10
65
225
0
28
87
33
0
0
0
0
3
12
0
7
2
0
0
0
1
1
0
0
1
0
0
1
0
1
0
22
0
0
0
2
0
0
0
11
0
0
3
13
0
1
7
0
4
1
0
9
0
3
1
1
0
0
2
0
3
0
0
1
0
2
0
78
67
0
229
0
0
8
0
0
1
0
0
0
16
3
5
2
0
1
21
0
4
87
41
0
0
0
1
0
3
0
0
0
84
5628
12
0
4
0
15
0
6
23
8
3
0
3
239
1
9
7
0
2
0
5
27
0
11
0
3
4
0
0
0
0
1
4
6
0
3
2
1
0
1
0
1
3
1
1
0
1
0
352
0
91
5
245
136
0
27
61
15
20
10
4
0
0
8
7
0
0
2
0
1
1
0
0
61
46
2
10
75
0
10
1
1
0
0
26
2
0
17
0
0
241
1
0
1
20
87
0
28
0
12
2
2
4
100
1
29
1
0
0
0
13
13
0
1
0
0
273
0
4
6
1
0
1
2
25
24
0
2
0
0
238
12
79
944
11
0
30
0
1
1
43
532
11
1
7
88
5
35
64
0
615
0
2
1
3
6
0
64
0
16
4
0
16
0
2
3
0
2
140
68
3
42
0
136
0
44
2
34
0
14
0
10
0
1
1
0
0
55
55
0
16
23
0
3
0
0
43
0
6
1
0
28
0
17
1
0
0
0
0
0
0
13
23
103
0
17
0
0
0
0
12
0
7
0
1
0
85
5
11
1478
50
254
462
0
39
29
17
0
0
5
0
12
0
0
0
0
12
0
0
1
0
17
0
1
0
0
0
5
0
0
0
5
2
0
1
92
39
4
13
5
0
0
0
0
8
0
33
0
0
0
1
0
0
80
4
0
1
0
0
0
0
31
2
16
0
4
692
3
0
0
0
4
6
0
4
0
1054
381
32
992
4224
6
569
193
1453
6
1228
9
2
0
0
9464
2
1644
46
0
0
8
2
0
0
0
0
0
0
0
0
0
39
15
1
18
0
1
0
4
0
17
0
4
0
7
0
6
0
418
0
0
0
0
86
1
8
0
2
16
0
0
84
0
0
928
0
2
2
0
18
0
12
0
2
0
0
0
0
2
0
0
1
0
8
0
2
0
1
0
0
0
0
0
0
55
1
1
0
0
0
0
0
0
0
0
15
1
1
22
0
74
7
0
8
0
1
0
0
0
0
15
0
1
0
5
3
0
0
5
0
0
115
12
0
13
0
6
9
0
0
1
0
0
151
1
0
2
1
1
0
25
8
7
12
2
2
0
48
5
3
0
0
0
0
0
25
18
0
87
9
1
4
6
0
23
0
81
10
28
16
3
116
0
7
0
0
39
2
59
0
6
0
0
3
0
0
0
0
5
0
0
1
0
0
20
0
31
0
4
0
0
0
0
0
0
0
0
0
0
5
4
0
0
0
0
0
0
0
0
0
1
0
1
6
0
5
0
0
0
0
0
3
0
0
8
0
0
0
0
1
0
1
2
0
169
3
0
0
0
0
0
0
0
68
1
0
0
0
0
0
0
0
0
0
0
0
0
0
0
0
0
0
0
9
0
0
0
0
0
0
0
0
0
0
0
0
0
0
0
0
0
0
0
0
0
0
1
1
0
0
5
0
4
0
1
0
0
0
1
0
16
0
0
0
0
0
0
0
0
7
0
191
47
17
48
0
0
0
1
0
0
0
0
74
9
23
4
0
8
0
0
0
0
1
0
0
0
0
0
0
0
0
0
1
0
0
2
29
0
0
0
0
0
0
0
0
0
0
0
3
0
361
17
0
0
0
0
0
0
13
0
0
0
0
5
0
1
29
0
0
2
0
0
0
177
2
1408
58
12
880
0
0
0
6
0
3
0
0
0
0
0
0
0
0
0
0
0
0
2
8
0
0
9
0
0
0
0
0
0
0
3
1
2
8
0
0
0
20
0
1
1
0
0
0
0
0
0
0
0
0
0
0
0
0
0
0
332
19
0
41
8
0
0
45
19
133
0
15
27
1
0
0
9
1
1
6
0
1
0
0
0
0
0
0
6
0
0
0
1
15
0
5
0
1
4
0
0
4
0
0
2
0
0
0
3
0
1
0
0
0
0
0
0
0
13
0
1
0
0
1
0
0
0
0
1
0
74
1
4
0
0
0
0
0
0
0
0
4
0
3
22
1
0
0
0
0
0
0
0
0
6
0
0
0
0
0
0
0
4
0
0
1
0
0
0
0
0
0
0
0
0
0
0
3
5
0
2
0
3
0
119
100
13
0
0
0
0
0
0
0
0
1
177
372
0
59
0
3
0
8
0
0
0
0
0
0
0
0
7
0
35
0
0
7
105
0
7
4
0
3
4
0
3
0
0
0
0
1
0
0
0
0
0
0
0
0
0
1
0
1
4
0
2
0
0
0
0
0
0
1
0
0
3
0
0
3
41
6
0
0
11
0
0
0
0
2
0
0
4
0
0
0
0
1
0
0
0
0
0
0
0
0
1
0
0
0
0
0
6
0
0
0
0
5
0
5
17
0
0
0
0
0
0
2
0
1
0
0
0
0
0
0
74
0
1
0
1
0
2
0
1
1
0
0
0
0
0
0
0
0
0
0
0
0
0
0
0
0
32
0
2
0
0
0
0
0
0
0
0
0
2
0
0
0
0
32
0
0
4
0
0
0
7
0
192
468
5
10
0
0
0
0
0
0
7
0
1
1
12
0
12
0
0
0
0
8
0
181
1
0
0
0
0
0
0
0
0
0
0
0
0
2
0
0
0
0
0
0
0
1
0
8
0
10
0
0
0
0
0
0
0
19
3
3
0
0
2
0
0
2
0
0
1
0
1
0
6
0
0
1
29
2
5
0
0
0
5
0
5
8
0
4
1
0
0
0
23
5
1
0
1
0
0
0
1
55
0
4
0
0
10
8
0
6
0
24
22
0
61
0
0
0
0
0
0
0
0
1
0
0
41
9
42
3
0
0
0
0
3
0
0
0
0
0
0
0
0
0
0
0
0
9
0
9
0
1
0
0
0
0
4
0
0
0
0
0
0
0
2
0
0
0
4
0
6
0
0
0
0
0
0
0
9
3
0
1
241
0
0
0
4
0
0
1
0
0
0
0
0
0
0
1
0
0
1
0
0
0
10
0
0
2
0
0
11
0
9
2
0
2
0
0
20
0
18
0
0
6
12
0
0
0
0
0
1
0
0
0
0
0
1946
37
11
1
0
0
0
0
5
4
0
0
0
3
9
0
5
0
6
1
0
0
0
0
0
7
0
0
0
0
0
0
0
0
1
0
0
0
0
0
0
0
0
0
0
13
0
10
0
112
0
77
13
0
0
1
0
0
2
0
0
0
7
1
3
12
2
9
2956
10
845
6
755
6
575
745
19
156
115
0
539
1
29
0
0
0
0
0
0
2
0
23
3
3
4
0
0
2
8
0
0
1
0
0
2
0
0
0
0
1
22
18
2
0
0
2
0
0
7
0
0
1
0
0
0
0
0
0
0
3
0
2
6
0
0
1
0
0
0
0
0
13
0
3
0
14
1
0
0
0
0
0
0
3
1
0
0
0
16
0
0
0
0
1
8
0
0
0
0
1
0
0
0
0
0
0
0
421
0
0
8
78
1
1
0
202
0
6
119
54
2
33
1
0
65
382
0
0
1
0
43
0
22
0
0
1
0
19
0
0
0
4
0
0
0
5
0
1
0
0
0
3
0
2
0
10
1
0
6
0
0
21
0
0
0
1
0
0
294
2
44
0
0
0
0
14
0
0
0
0
0
0
4
0
0
45
3
0
0
0
0
0
0
0
24
0
0
6
14
1
0
0
27
0
3
0
0
0
0
0
0
0
0
70
0
1
0
0
0
0
276
0
0
0
0
4
0
0
0
3
0
0
0
0
0
0
0
0
0
0
0
0
227
0
161
0
0
2
33
0
0
0
0
0
0
6
0
0
0
9
0
1
0
0
0
0
0
0
29
4
4
0
0
0
0
0
2
0
0
0
0
0
5
0
0
0
0
0
0
0
0
0
2
0
0
124
3
81
307
0
20
54
2
29
0
0
0
0
0
0
0
0
0
4
0
4
3
0
0
0
0
0
0
1
0
0
260
1
0
24
0
1
0
0
0
0
0
0
8
14
0
0
0
0
403
0
88
105
1
3
623
0
0
6
2
0
0
0
0
0
0
0
1
0
0
0
0
0
11
0
0
0
2
0
75
0
17
2
0
6
2
0
0
0
0
1
0
0
0
73
10
1
4
1
1
3
0
0
0
0
0
0
0
0
2
0
1
0
0
0
0
37
0
2
0
0
0
0
0
39
0
0
0
0
2
0
107
1
44
0
0
0
0
0
0
0
0
0
0
2
0
0
22
0
18
1
0
0
57
4
0
0
0
0
0
0
3
0
0
0
1
0
0
0
1
0
0
22
0
0
0
0
0
0
2
1
0
0
0
1
0
0
4
2
5
0
18
0
206
0
0
0
0
0
0
0
2
1
0
7
0
0
0
0
0
0
0
0
0
0
0
0
0
0
0
1
0
2
0
107
0
71
0
0
0
65
2
0
1
170
2
0
0
0
0
0
0
0
0
0
1
1
0
1
0
0
0
0
0
0
0
0
4
0
0
17
4
0
10
5
0
0
0
0
1
0
0
3
0
0
0
0
0
0
0
0
0
0
0
0
0
0
0
6
1
0
11
0
6
0
0
0
0
0
0
0
0
2
0
0
1
3
0
0
19
0
5
0
3
1
0
0
0
5
0
1
2
0
1
0
0
1
0
0
0
0
0
0
0
0
1
0
0
0
0
0
0
0
0
0
0
0
0
0
0
201
6
0
4
0
7
0
0
1
1
1
0
0
0
2
1
0
0
0
0
14
0
10
0
0
0
0
0
0
1
0
0
1
0
0
0
0
0
0
7
0
0
0
22
16
0
2
2
0
0
0
15
5
0
0
0
0
0
0
10
0
10
0
2
145
0
3
2
0
0
0
0
1
0
0
0
47
1
0
0
0
0
46
3
0
0
7
0
3
0
0
19
1
5
0
0
0
0
0
0
0
0
0
0
0
0
0
0
131
0
0
1
0
29
2
8
1
1
0
226
15
81
4
0
9
0
0
0
8
0
0
0
0
0
2
0
0
7
0
3
1
0
2
0
0
3
0
80
13
0
0
10
0
0
1
4
1
0
2
0
0
0
1
0
0
3
0
13
0
0
0
0
0
0
0
0
0
5
0
0
0
0
0
0
0
0
0
0
0
0
0
1
0
0
95
4
0
0
0
0
1
0
0
0
301
1
0
0
0
1
1
915
0
0
441
723
0
0
0
0
0
6
0
0
0
0
0
3
0
0
0
62
9
0
0
0
0
0
0
0
0
2
0
4
0
1
0
0
0
3
0
3
0
0
1
0
0
0
18
67
11
0
10
0
0
1
0
0
0
0
0
0
2
0
2
0
0
0
0
0
0
8
0
6
0
11
0
10
119
19
30
0
17
11
0
0
3
14
0
0
0
0
3
0
0
3
11
0
0
0
0
0
0
12
37
0
0
0
4
0
0
108
0
3
4
0
1
3
0
6
0
0
0
0
0
16
11
0
2
0
69
6235
109
76
1
0
124
0
250
10
4
0
0
0
0
1
0
0
0
0
0
0
0
0
0
0
0
2
0
4
0
3
21
123
9
0
0
0
0
0
4
0
2
68
0
2
0
0
0
1
0
0
42
0
13
8
5
18
1
4
0
0
0
0
0
168
86
3
52
185
0
7
16
0
12
0
5
3
0
0
0
1
14
0
7
0
0
0
0
0
0
0
0
1
176
0
0
3
0
0
0
0
0
0
2851
321
2038
33
1250
0
151
1901
0
0
0
0
0
0
112
0
57
0
63
12
0
0
1
0
0
4
0
0
14
1
0
1
0
0
0
0
0
0
0
0
0
6
0
1
0
3
0
0
0
0
0
6
4
0
1
164
0
9
0
0
0
0
0
3
0
1
0
0
0
0
0
0
1
0
0
0
0
0
0
15
0
75
0
22
1
0
393
0
13
1
3
0
2
10
0
0
0
0
0
0
1
0
0
0
0
1
0
0
0
0
0
0
0
1
1
18
3
0
0
18
0
6
22
0
7
6
0
4
0
1
0
0
13
1
0
0
22
0
0
8
0
0
5
0
24
0
0
0
0
0
3
0
0
3
0
7
0
0
0
0
9
3
0
0
0
0
0
14
1465
5
0
7
0
4
0
1
0
0
19
0
110
7
3
1
5
112
39
29
0
3
82
0
27
1
0
0
7
0
4
0
0
0
0
0
0
1
3
1
0
1
4
0
0
0
1
0
0
0
0
8
1
1
7
0
4
0
3
0
23
0
15
9
0
0
0
0
0
135
50
8
10
64
4
0
0
0
68
6
26
0
7
80
0
0
1
0
0
1
1
0
0
0
0
1
1
0
0
1
0
0
6
0
7
0
2
1
32
0
0
5
0
156
0
2
0
0
0
57
30
0
13
6
0
1
0
0
1
2
0
0
7
1
2
0
27
3
0
0
19
0
0
0
0
0
16
0
17
7
0
4
6
21
2
0
357
6
2
1
2
7
0
0
3
4
2
4
0
107
6
0
5
2
0
3
1
0
0
0
0
0
0
0
0
15
1
0
159
5
0
0
75
0
0
0
0
0
0
44
15
0
170
0
82
0
0
0
0
0
25
0
269
8
2
0
3
128
2
0
7
0
24
0
0
0
0
8
1
11
0
5
1
0
0
0
17
0
3
220
0
50
0
4
0
0
0
0
19
0
2
39
0
5
5
0
308
1
1
0
1
0
0
0
0
0
0
0
1
1
0
0
0
0
0
0
0
0
6
2
0
1
0
2
0
0
0
0
2
0
0
0
0
0
0
0
6
0
26
0
20
0
0
0
1
1
1
0
0
3
0
4
1
0
0
0
7
0
0
0
0
0
0
0
0
0
0
0
14
0
0
0
0
0
1
1048
0
54
0
0
50
0
1
0
161
0
9
14
10
0
1
3
2
0
4
2
0
0
0
1
0
0
0
0
0
0
15
5
0
0
0
0
0
0
0
0
22
0
0
0
0
0
7
0
5
0
0
1
0
0
2
2
0
0
0
0
0
1
606
2
0
0
0
0
69
2
0
13
6
0
0
0
78
0
0
0
0
584
2
25
0
16
0
1
105
0
1
3
0
0
3
16
11
1
0
0
0
0
4
3
0
0
0
0
0
0
0
0
7
0
0
7
0
0
0
0
0
0
0
0
1
0
1
1
0
0
0
0
0
0
14
0
0
0
2
12
0
0
0
0
3
1
0
0
0
0
0
0
0
0
15
3
0
1
0
0
0
7
0
0
0
0
0
5
3
0
2
0
0
0
0
0
0
0
0
1
16
16
5
0
1
6
0
6
0
5
9
0
0
0
0
0
2
0
1
1
11
0
0
15
14
6
0
14
0
2
0
0
1
0
1
1
0
0
1
1
0
1
0
0
0
0
0
0
0
0
0
0
5
0
1
13
13
84
0
27
9
0
0
17
0
0
39
15
0
0
2
0
1
9
5
1
3
43
0
4
1
0
32
14
1
0
12
0
0
0
2
0
0
0
0
0
1
29
2
0
215
4
1
1
0
2
0
0
0
0
0
1
0
0
35
10
6
1
0
0
2
1
0
1
83
0
0
0
0
12
0
4
3
0
1
0
0
0
23
4
0
3
44
0
19
0
0
0
0
3
0
16
14
0
0
0
0
2
0
2
0
0
0
0
0
0
0
0
0
0
0
0
9
0
8
0
0
2
1
0
1
1
0
1
12
1
0
1
9
0
9
111
0
39
158
1
59
39
0
8
49
4
4
1
0
0
0
0
75
1
0
4
3
5
0
7
3
6
0
0
0
0
1
7
0
0
6
0
0
0
0
25
0
1
6
0
8
0
1
118
13
0
0
0
0
0
0
0
0
0
0
0
5
0
0
0
0
13
0
3
0
81
16
0
15
11
0
3
12
0
47
40
0
1
99
2
13
1
187
0
0
0
2
0
3
0
29
0
2
0
0
0
0
44
0
8
0
4
26
0
4
0
0
208
3
41
0
0
0
2
0
0
5
0
2
0
0
0
2
0
0
0
1
0
0
0
17
1
5
0
0
0
0
0
16
8
5
0
0
0
0
0
0
1
0
16
1
0
3
1
0
0
6
0
0
0
0
0
0
0
0
18
0
15
0
8
4
0
0
3
0
1
1
0
1
0
97
1
46
0
10
0
34
1
2
2
0
24
130
0
0
15
205
126
62
188
0
0
0
8433
832
127
157
86
530
1
1
0
0
0
18
0
16
35
380
2
0
1
0
0
0
0
0
0
0
0
0
0
48
16
0
0
0
0
0
0
0
0
7
0
4
4
1
0
0
0
0
0
0
0
6
0
0
0
0
1
0
7
0
1
5
0
3
0
0
0
0
5
0
0
34
33
1
22
32
0
1
2
4
1
4
9
0
21
18
0
4
31
0
11
0
47
0
19
5
0
2
0
0
0
34
0
0
2
0
0
0
0
27
4
0
0
0
0
7
0
10
10
0
0
36
0
15
158
0
0
0
0
0
0
0
9
8
0
1
0
0
0
0
3
0
276
0
38
3
2
0
0
0
0
10
0
3
0
1
0
0
0
1
0
1
0
0
0
0
51
0
15
0
73
0
0
0
0
0
0
0
0
0
27
0
20
0
0
0
0
9
0
1
0
19
0
5
0
0
49
10
0
4
32
4
0
0
18
0
5
13
2
296
4
21
138
0
0
12
13
2
2
0
0
0
0
0
0
4
2
0
0
1
0
0
0
2
0
3
0
0
0
0
0
0
0
0
0
0
0
0
0
0
0
1
8
0
0
3
0
0
0
131
52
0
25
51
17
4
0
0
57
91
3
15
195
5
0
755
9
0
7
19
3
0
2
23
0
5
5
0
1
1
17
0
15
2
30
85
0
0
0
0
1
38
8
23
0
15
0
0
4
2
0
1
0
104
98
0
13
2
50
39
0
0
36
6
0
5
2
0
378
22
444
48
0
0
0
0
0
0
0
0
0
69
0
1
0
0
43
0
1
0
1
3
0
250
0
0
0
46
60
0
1
3
0
3
0
7
0
175
0
33
0
0
0
0
60
0
0
3
164
0
109
0
8
0
0
0
1
3
0
1
0
0
5
0
0
0
0
0
0
0
0
0
0
0
0
0
0
0
7
0
7
0
2
0
1
0
5
0
0
0
0
0
0
0
0
56
0
0
0
0
5
0
0
0
0
0
0
7
0
25
0
0
0
0
0
0
1
4
0
0
5
0
0
2
2
25
5
0
0
0
0
0
0
1
0
1
0
4
0
26
0
14
1
0
0
0
0
0
14
0
3
4
0
0
9
28
0
0
0
0
0
0
494
2
0
2
0
0
0
1
15
0
0
32
0
0
0
0
0
1
0
1
7
0
0
1
0
0
0
0
0
0
0
21
1
0
0
0
0
14
2
1
0
0
0
21
0
1
0
0
0
0
91
20
15
0
3
0
0
31
9
0
0
0
3
9
0
0
1
1
0
1
0
0
3
3
0
0
0
0
16
1
0
0
0
4
0
7
23
0
0
0
0
0
0
0
0
1
0
0
1
4
0
1
1
0
0
0
28
0
40
2
2
0
0
2
0
9
3
17
0
2
1
0
382
8
11
0
14
1
2
0
14
13
2
59
1
2
0
0
3
3
0
3
5
0
0
0
0
0
3
0
3
0
0
0
0
0
0
0
0
14
1
0
0
0
5
0
0
0
17
244
0
3
0
0
0
0
0
1
0
0
0
1
0
0
0
0
0
0
0
1
0
13
0
3
0
0
0
0
1
6
0
2
2
0
1
0
0
2
2
0
30
1
0
23
11
0
1
0
0
0
0
0
0
39
0
12
0
0
0
0
0
0
15
1
0
0
23
169
11
0
29
0
0
1
0
0
0
0
5
0
0
6
3
4
0
239
0
2
55
1
44
0
15
7
0
0
1
0
0
0
0
43
0
26
0
8
0
1
9
89
4
26
0
2
21
0
3
4
1
2
0
0
0
3
1
0
0
0
0
0
1
0
0
0
0
0
0
27
0
3
4
0
0
46
1
28
50
0
6
215
27
6
0
0
0
0
0
2
0
0
0
0
0
0
0
17
0
1
0
0
0
0
0
0
0
0
1
3
0
0
0
0
0
0
0
0
0
0
0
0
0
34
1
21
18
4
0
3
1
3
22
2
0
0
0
0
131
2
2
1
7
0
0
87
0
34
0
5
398
0
83
211
0
0
0
0
3
0
1
1
3
0
0
0
0
5
0
0
0
0
9
0
48
8
0
2
4
27
2
5
0
0
8
25
1
4
3
0
0
0
3
2
0
0
0
0
3
0
1
0
0
0
0
1
0
0
0
0
93
30
1
4
0
37
2
0
2
0
0
0
0
0
0
1
3
0
0
0
0
0
0
0
2
0
0
0
0
0
0
0
0
0
0
0
0
26
16
0
0
5
0
1
4
9
0
1
10
0
4
0
0
1
0
0
0
1
0
0
0
0
0
7
3
1
0
5
0
0
0
0
0
0
0
0
5
21
0
5
0
0
0
0
0
0
0
4
0
0
0
0
0
0
0
0
0
2
0
0
0
180
36
0
0
1
0
3
0
0
0
3
1
0
0
0
1
0
0
1
0
2
2
0
0
1
0
1
0
0
0
13
1
0
0
6
0
5
0
0
0
2
0
1
0
13
0
8
0
2
0
4
2
0
1
0
0
3
0
2
0
0
0
0
0
0
0
16
16
0
0
1
0
6
3
7
0
0
0
0
0
0
13
0
1
0
0
0
137
0
474
47
0
0
134
86
69
0
89
0
4
81
54
0
11
610
59
10
0
137
1519
4
0
0
0
0
6
0
20
10
0
1
7
0
26
26
0
0
5
0
0
0
2
0
2
0
0
0
0
0
0
1
0
2
0
12
148
34
0
0
8
17
4
0
0
0
0
16
0
0
8
0
0
14
0
0
4
0
4
0
0
0
8
12
6
3
0
0
0
0
635
0
32
21
1
8
53
0
0
0
0
0
0
2
0
0
0
0
0
0
0
0
0
0
0
2
0
0
0
0
3
0
2
0
34
0
0
0
0
0
4
0
0
0
0
0
0
49
0
0
0
0
5
0
5
0
0
0
0
0
30
0
179
0
14
83
1
0
0
49
694
41
1047
3244
0
2987
847
1
632
0
1
0
1070
8
327
691
4
0
11
33
0
0
11
10
0
0
0
0
1
0
0
2
0
2
0
0
1
0
0
0
0
0
0
0
0
0
0
2
0
0
0
1
0
0
112
0
0
0
0
0
0
0
0
480
0
0
1
0
0
0
0
14
65
0
0
0
0
0
0
0
0
0
0
0
21
1
16
0
1
0
0
12
0
1
4
0
0
1
0
5
0
3
3
0
3
0
1
69
0
3
0
52
11
0
0
0
2
12
0
181
2
1
6
88
4
5
0
0
3
17
0
4
0
0
0
0
0
0
0
0
0
377
4
49
6
0
1
138
1517
0
0
0
0
0
0
0
2
0
57
1
4
1
2
1
0
0
11
0
0
0
0
825
0
82
212
0
0
7
4
13
1
1
0
0
2
0
0
0
0
3
1
0
0
0
0
0
4
0
0
0
2
34
0
0
0
0
0
3
0
1
17
2
1
0
2
0
0
0
0
47
23
0
0
0
2
0
1
0
7
1
0
1
17
0
14
0
1
0
0
0
2
0
0
2
0
4
0
2
0
0
6
0
0
0
0
22
0
0
0
0
0
3
0
0
0
0
0
0
0
0
5
0
0
0
0
0
0
1
0
0
0
0
0
0
0
5
0
4
0
5
0
0
81
1640
37
280
0
0
0
0
2
0
0
0
0
0
0
0
0
0
0
0
0
0
0
1
0
0
4
0
6
8
1
0
0
0
0
0
0
1
0
0
2
0
0
2
0
2
1
0
1
16
0
0
0
1
1
0
12
3
0
0
0
0
0
0
2
0
2
0
4
0
0
11
1
0
1
34
13
0
0
0
1
0
0
0
0
0
8
0
2
2
0
1
0
0
0
0
0
5
8
0
0
0
1
1
0
0
0
1
2
0
3
0
0
0
0
1
4
0
0
11
1
0
0
0
0
6
0
4
0
1
0
1
0
0
0
5
4
0
3
0
0
0
0
9
0
0
173
0
0
2
0
0
0
46
0
0
0
0
0
10
11
0
0
0
0
0
0
0
3
0
0
0
0
0
0
0
1
0
3
0
0
0
0
0
1
0
8
0
0
0
0
1
2
0
0
1
0
0
3
0
0
0
0
20
0
0
0
0
0
2
5
0
0
0
0
0
0
0
0
0
0
0
0
0
0
0
0
2
0
1
2
25
0
0
2
0
0
2
0
124
0
0
0
1
0
3
0
0
3
1
1
0
11
4
3
0
1
0
0
11
1
0
0
0
0
0
0
0
0
1
0
0
52
2
0
11
1
1
0
21
13
0
2
0
0
0
0
0
0
0
0
0
0
0
1
0
0
0
2
0
0
0
8
0
0
1
17
15
0
0
0
0
0
1
0
0
0
0
1
5
0
0
11
1
0
0
0
0
0
1
0
0
0
0
2
2
0
0
0
0
6
1
0
1
0
0
0
3
0
24
1
0
0
0
0
0
0
0
0
0
0
1
0
0
42
0
14
0
20
1
1
0
0
30
2
20
280
1
278
0
0
21
0
0
1
0
0
0
4
9
0
0
8
45
45
1
1
223
14
209
0
0
68
0
0
1
0
0
32
0
1
0
0
1
0
0
0
5
2
0
0
0
0
0
0
0
0
0
0
0
0
50
3
0
72
44
0
0
1
166
0
5
0
2
0
72
53
0
76
10
0
9
20
0
0
0
0
5
1
0
0
0
75
0
0
0
0
5
0
3
0
0
0
0
0
0
2
4
0
0
7
0
4
1
0
0
1
6
0
0
0
5
9
0
0
0
0
0
0
2
1
0
3
0
2
0
0
0
0
0
2
1
7
0
0
1
0
1
1
0
39
4
0
0
0
75
6
14
2
7
0
11
0
0
0
0
0
2
1
0
0
0
0
0
0
0
0
0
0
0
0
0
5
0
0
0
0
1
6
0
1
5
0
0
0
0
0
35
0
0
420
13
0
0
0
222
34
0
0
0
0
0
0
0
0
0
1
788
0
440
0
27
1
0
0
0
22
13
0
2
2
0
0
0
0
0
0
0
0
15
0
0
0
1
0
0
2
0
3
0
1
0
8
0
88
0
24
0
241
1
0
71
2
80
3
2
2
0
0
7
5
0
0
0
1
0
0
7
0
4
0
0
1
0
1
26
0
9
12
0
0
3
2
0
0
0
33
78
108
0
0
4
0
0
0
7
9
0
0
0
18
1
0
0
5
0
0
0
0
0
1
0
627
340
3
0
0
325
1
53
0
0
0
0
0
0
0
0
0
2
690
86
2
2
60
0
57
0
13
17
0
0
2
8
0
3
5
8
0
0
0
0
19
0
13
0
2
0
0
0
0
0
0
5
1
0
0
0
0
1
4
4
0
0
1
24
9
0
0
3
0
0
35
0
26
0
16
1
0
0
0
552
31
0
0
6
2
3
0
0
0
0
0
0
1
0
103
0
0
0
1
0
10
1
0
0
0
0
0
1
14
0
5
4
0
0
9
1
0
1
1
0
118
8
0
0
0
0
0
0
2
0
2
0
0
0
1
0
4
0
12
0
0
0
2
0
0
0
0
2
0
0
5
1
0
9
2
0
3
0
2
0
0
0
0
10
0
2
0
0
0
0
0
0
0
0
0
0
0
3
0
3
0
0
0
1
0
0
0
0
0
0
0
0
0
0
0
287
15
15
5710
14
194
15
0
0
11
9
1
3
4
0
10
152
15
21
0
8
0
58
36
2
0
13
842
1508
0
0
0
324
4124
50
5
1
72
0
37
1
0
0
0
8
0
0
7
0
0
0
847
21
0
3
0
0
4
0
5
0
3
0
0
0
0
0
0
0
1
8
0
0
7
0
0
40
18
57
97
81
2
22
13
0
5
1
0
6
0
3
36
7
150
0
0
0
0
257
0
9
0
0
0
0
7
0
0
18
0
2
0
4244
78
0
156
1177
1
262
271
1
0
0
0
0
18
0
0
87
0
7
0
18
0
921
1
162
14
38
22
0
4
0
2
16
3
0
1
0
0
0
0
0
0
0
7
0
3
0
0
0
0
0
1
0
13
0
0
3
1
0
4
0
1
2
0
0
0
0
0
0
0
0
25
3
0
2
0
1
0
1
0
2
3
0
1
2
0
0
0
2
0
0
0
0
0
0
0
0
9
44
5
0
10
2
6
0
1
0
0
0
0
20
0
0
22
0
1
0
5
3
0
0
0
0
0
0
0
0
5
0
0
0
0
12
0
11
0
1
0
0
0
3
0
1
10
7
0
2
0
1
0
11
0
2
0
0
0
3
7
6
0
3
0
2
0
0
0
0
0
0
18
3
0
0
1
12
9
0
0
2
0
0
442
8
2
69
0
7
224
86
22
3
18
0
0
1
0
46
0
3
1
1
0
0
0
138
13
1
0
0
0
0
0
0
3
5
1
4
1
0
0
5
0
6
0
5
0
33
0
3
3
8
0
0
0
2214
7
0
0
0
0
7
7
0
0
36
25
0
61
6
2
0
0
0
4
0
0
1
0
1
0
0
0
5
1
6
1
0
2
0
4
1
0
1
0
0
0
0
7
1
1
0
7
2
22
28
1
33
27
2
0
0
79
0
1
1
0
0
0
0
0
0
67
24
0
34
25
0
0
0
0
0
0
62
1
0
0
0
0
0
7
0
6
0
6
0
0
84
68
0
0
0
0
0
0
0
5
4
0
0
0
3
0
12
1
2
0
0
0
0
0
0
0
2
0
3
0
11
7
1
0
0
47
34
0
2
6
0
0
2
2
0
0
0
0
0
0
0
0
1
0
1
8
5
0
0
8
0
22
19
2
0
0
2
0
9
0
6
30
40
0
1
0
0
0
0
2
1
0
2
1
0
3
0
0
0
18
0
28
45
0
0
1
52
70
7
1
5
0
1
0
0
1
0
0
4
46
1
44
9
0
90
133
0
1
4
4
0
0
0
0
0
0
0
0
1
0
3
0
5
0
13
7
1
3
3
0
1
12
0
33
12
1
2
0
0
0
0
0
65
0
4
0
0
0
0
15
2
0
5
59
0
0
0
0
0
0
7
0
4
0
5
36
17
24
0
0
0
1
18
0
84
0
18
7
0
163
0
4
0
0
0
137
108
5
9
0
0
0
0
6
0
0
4
0
4
0
1
3
0
1
0
0
0
0
0
0
0
0
0
9
0
0
0
0
16
67
11
0
0
6
12
6
2
21
8
2
1
0
0
1
2
0
14
9
0
2
0
0
3
40
40
0
0
0
6
0
76
0
0
15
1
0
0
0
15
79
0
1
0
0
0
0
326
59
9
0
86
0
4
0
4
0
64
0
168
630
277
4
0
0
0
0
25
1
0
0
0
3
8
30
0
0
0
0
0
0
0
0
0
6
3
0
1
0
0
0
0
1
22
9
0
2
0
2
1
0
0
0
7
0
0
0
1
0
0
0
4
0
2
0
0
0
0
4
0
1
1
0
0
0
3
0
0
0
0
0
20
0
12
1
4
0
0
58
28
0
0
0
5
1
0
4
0
50
130
0
0
0
0
0
0
0
0
0
0
0
0
0
0
0
0
0
0
0
0
0
0
0
0
0
0
0
6
0
6
3
0
0
0
3488
2
1661
3
0
0
0
0
0
0
0
0
0
0
0
0
0
11
0
6
0
0
0
6
0
3
0
0
2
0
0
0
0
0
0
0
0
0
0
0
0
0
0
1
0
0
0
783
2
96
1
0
0
2
0
14
5
0
13
0
0
0
0
0
0
2
12
1
8
0
4
8
0
0
0
0
0
0
0
3
0
1
0
0
0
0
0
2
0
0
0
1
0
0
1
0
0
0
0
0
0
0
0
0
0
0
10
0
26
0
0
0
0
0
0
0
0
0
0
2
0
0
0
0
0
0
0
0
23
0
38
11
8
0
5
0
1
0
0
0
29
15
0
0
0
1
0
22
30
0
9
14
0
0
3
0
0
37
1
1
0
0
1
0
1
0
2
2
0
0
0
31
0
6
0
0
0
0
0
0
1
32
0
0
0
24
0
12
159
0
1
56
0
0
0
0
0
1
45
0
20
9
0
1
3
0
0
13
0
3
0
0
0
0
0
0
1
0
0
0
0
0
1
0
0
0
2
0
0
0
0
0
71
1
53
5
0
0
0
0
0
0
1
2
0
0
0
0
15
0
0
0
0
0
0
0
0
0
13
0
0
6
0
1
54
0
48
2
0
48
0
1559
2272
60
0
46
801
56
61
50
0
0
1
0
0
5
0
1
1
0
0
0
0
0
0
0
0
2
0
0
0
0
0
0
0
0
1
23
0
1033
2
905
1094
334
22
385
654
0
11
0
0
11
0
0
1
0
0
2
0
0
4009
0
1
0
1
0
1
1
0
0
2641
0
14
18
0
7
0
36
0
15
4
0
7
0
0
5
1450
44
395
0
5
0
0
4
0
14
0
6
0
10
1615
0
186
39
0
0
0
5
0
0
0
0
0
0
0
0
0
0
1
0
0
0
4
3
0
12
12
0
0
0
0
1
0
0
0
0
0
0
0
0
3
0
0
0
0
1
0
0
0
1
0
0
5
0
14
12
0
1
0
0
0
0
4
14
6
0
1
2
0
10
1
54
2
17
0
0
0
2
0
0
5
2
0
0
0
5
4
2
0
0
4
2
0
0
0
0
0
0
90
0
66
1
0
0
0
0
0
0
0
6
0
0
0
0
12
0
1
0
0
1
3
9
0
0
0
0
0
0
2
0
2
0
9
1
4
0
0
0
0
0
3
164
2
0
72
0
65
264
0
19
0
6
24
0
0
0
1
0
0
2
1
0
1
0
78
1482
0
1
241
11
6
0
18
3
0
0
0
0
2
0
0
0
0
114
0
0
0
0
0
0
65
35
0
15
15
0
0
0
0
0
0
0
0
0
0
4
1
0
0
0
0
0
0
0
0
0
0
4
0
0
1
0
0
0
0
0
0
0
0
0
0
0
8
0
0
2
0
0
0
1
0
25
55
6
42
3
70
0
1
0
1
12
0
5
2
0
0
1
1
32
0
0
0
0
0
1
0
20
1
959
7
0
5
71
0
0
0
0
64
0
0
0
0
0
5
0
90
0
0
0
0
0
145
0
0
0
2
0
0
0
0
1
0
0
0
0
0
28
0
0
6
0
0
0
2
4
0
0
0
0
0
0
1
0
0
1
0
0
0
0
0
0
0
0
0
0
0
1
0
1
0
0
0
0
1
2101
0
61
2
0
0
22
7
442
0
0
127
23
1
3
0
2
0
0
0
0
0
1
4
0
4
1
0
3
0
2
96
5
0
2
0
2
0
0
0
0
0
0
1
0
1
0
4
11
2
10
13
0
6
202
2
0
0
0
0
0
4
62
2
0
11
0
2
0
15
0
0
2
0
8
0
0
4
0
4
3583
1
412
0
3
285
681
0
0
0
1
14
0
0
0
2
0
0
0
0
0
20
0
3
0
194
164
0
22
0
0
0
0
0
0
0
0
9
0
0
87
1
0
27
0
0
0
0
0
0
0
2
23
0
3
0
0
0
0
0
0
0
0
0
0
2
0
2
0
0
0
0
3
0
0
12
0
1
0
265
0
2
2
0
2
1
0
79
4
759
0
3
22
0
3
0
168
5
0
4
17
0
0
0
1
0
0
0
0
5
0
0
0
0
0
34
30
1
4
1
0
47
1
33
14
0
7
56
12
7
13
6
0
11
0
0
21
1
1
3
0
21
0
20
55
1
6
135
0
2
1
0
0
4
0
0
0
15
0
8
0
5
1
1
0
0
0
37
0
282
33
5
2
18
0
0
118
280
2
30
23
1
1
480
0
0
0
3
0
0
10
6
0
2
288
0
22
0
0
0
0
0
0
0
4
0
2
0
0
0
134
47
0
6
82
7
3
0
23
0
0
0
0
2
0
0
0
0
0
0
0
0
0
2
5
0
9
0
0
12
0
0
3
0
0
0
0
0
187
1
2
33
0
205
1
5
0
0
0
0
3
12
42
13
1
9
14
6
0
0
0
0
171
0
52
10
0
7
0
0
0
0
0
0
0
0
5
0
0
0
0
0
0
1
0
0
0
0
0
0
0
0
0
0
0
0
3
0
0
2
0
0
0
0
0
652
652
0
266
0
0
0
37
63
1
35
6
5
6
0
2
9
0
0
0
0
0
0
0
0
0
1
0
0
1
0
62
8
0
0
218
0
0
0
1
1157
47
0
3
0
1
12
0
0
29
1
5
28
0
4
23
0
1
0
0
0
0
0
4
1
0
0
0
0
0
0
1200
0
738
1
0
4
0
0
1
1
0
0
13
1
0
1
0
0
0
0
0
90
1
25
131
125
14
29
1
0
0
0
0
0
1
370
0
0
1
0
17
1
3
0
0
0
0
0
0
0
0
0
0
8
0
0
0
0
0
0
0
0
0
0
11
0
0
0
2
0
0
10
0
9
0
0
0
0
7
26
0
11
13
12
0
0
0
0
0
0
0
0
0
0
0
0
21
0
6
0
1245
79
362
6
182
73
1
19
0
395
106
1
4
0
11
0
2
2
0
0
2
0
0
0
0
0
0
0
0
0
10
0
0
0
0
0
1
0
0
0
0
1
1
1
0
0
0
0
0
1
0
0
0
0
0
3
172
0
14
372
1
43
0
0
2
0
0
0
17
16
0
12
0
1
13
0
3
0
1
0
0
0
2
0
0
0
0
0
3
13
0
0
0
0
1
1
0
8
0
3
3
0
2
6
1
1
0
1
0
0
2
46
0
1
0
0
0
0
0
0
9
0
0
0
6
1
0
1
0
2
0
1
0
0
1
0
0
0
2
0
0
0
0
0
0
0
0
137
0
19
0
2
1
0
0
1
0
1
60
1
0
0
0
0
0
0
0
0
0
0
0
6
0
0
0
8
0
0
0
49
0
26
12
0
0
0
1
5
0
1
2
0
0
50
0
9
0
0
0
6
3
0
0
0
0
6
1
1
0
0
0
1
0
0
0
0
0
0
0
3
0
0
0
0
0
0
0
0
686
31
1
0
0
0
0
0
0
0
0
0
1
0
1
0
0
0
0
141
0
0
0
17
0
0
0
0
0
5
3
0
0
0
0
4
0
1
46
0
0
1
0
0
0
1
32
412
6
0
9
5
0
0
0
0
1
2
0
0
139
2
32
0
2
0
0
1
7
0
0
1
0
3
0
0
0
1
0
0
0
0
3
7
0
10
1
0
0
0
2
0
7
0
0
0
0
0
0
0
0
0
3
0
0
0
65
1
14
0
0
2
0
1
0
0
0
0
0
0
7
0
137
7
11
0
0
2
1
33
9
0
8
0
0
4
6
1
0
0
0
0
43
0
1
0
0
0
0
0
1
0
0
0
0
0
0
0
0
0
1
0
0
0
5
0
0
0
43
0
0
1
19
0
0
0
0
21
0
0
0
0
0
0
0
0
0
0
0
0
0
0
0
0
0
1
2
0
1
0
1
0
0
1
0
50
0
27
0
0
2
0
0
6
0
0
0
0
0
6
1
1
0
0
0
0
0
5
0
0
0
0
3
0
3
0
0
0
3
0
0
1
2
0
0
0
14
0
4
0
0
20
0
8
53
0
2
0
0
0
0
10
15
0
1
153
2
140
51
46
2
0
0
5
0
0
7
0
0
672
1522
17
1156
7
0
39
23
2
11
24
0
0
0
1
2
2
13
0
0
0
0
0
2
0
112
0
0
0
0
0
0
1
0
0
0
0
0
0
0
0
0
0
0
0
43
0
10
0
1
2
0
0
0
0
0
8
0
0
0
0
0
0
0
1
0
1
0
0
0
3
0
10
0
4
0
0
0
0
1
0
2
0
22
1
0
30
0
0
0
0
0
5
0
3
0
0
0
0
0
0
6
5
1
20
0
3
0
3
0
0
0
0
0
0
0
1
1
0
0
0
0
1
0
0
5
0
0
1
0
4
1
0
0
3
0
0
0
1
0
0
1
0
0
0
0
503
0
1
0
13
9
0
2
5
2251
5
159
0
0
0
0
0
1
0
0
0
3
0
2
41
0
109
0
0
0
0
0
0
0
0
0
0
0
10
0
0
0
0
0
11
10
2
2
0
0
0
12
331
0
0
5
0
11
0
0
1
0
0
2
0
1
1
3
0
0
10
74
40
0
53
231
0
0
1
6
162
80
55
143
0
0
0
2
0
0
0
99
607
0
102
5
0
1
0
0
0
0
4
231
1606
0
0
0
0
0
0
5
0
1
1
14
0
1
27
18
1
0
0
0
0
7
0
0
32
0
5
0
0
1
0
0
3
0
0
0
0
0
2
0
1
1
1
154
0
23
70
0
10
0
0
2
0
0
0
1
0
7
1
0
0
0
0
1
0
0
0
7
2
0
0
1
0
0
1
1
1
0
562
0
4
0
0
0
0
0
0
0
0
0
0
0
0
0
0
0
0
0
0
3
30
63
0
5
0
4
0
1
0
0
0
0
16
0
6
11
0
199
0
0
0
126
0
0
117
0
88
0
0
0
2
2
0
2
28
0
47
0
28
0
0
4
0
0
9
0
0
0
0
0
0
0
0
3
0
1
0
0
0
0
0
0
0
26
24
2
0
0
2
0
2
0
0
0
0
0
2
81
13
2
0
232
38
0
112
44
0
0
54
0
0
0
1
0
0
1
0
0
3
0
0
0
76
46
2
0
1
11
48
0
0
60
21
0
0
0
5
0
0
17
0
1
0
0
0
0
0
0
6
6
0
0
8
0
7
81
0
2
0
33
0
0
6
1
2
2
2
0
0
502
16
139
0
0
0
0
0
1
0
2
2
0
0
0
0
19
18
0
0
0
1
0
0
56
0
3
22
0
4
0
0
0
0
0
38
0
252
44
356
399
1
256
6
0
3
0
0
0
8
0
1
14
9
1
1
9
0
0
6
0
348
323
56
5
24
9
2
8
0
10
0
0
3
0
7
0
0
0
0
0
0
18
18
0
0
0
0
38
1
3
62
42
431
0
78
95
1
1
0
69
1
2
0
0
1
64
0
0
0
0
0
19
0
0
1
0
2
1
0
0
21
0
27
22
6
1
0
0
4
1075
0
1
15
66
1
31
31
0
0
6
0
2
0
14
30
0
0
1
0
3
0
0
0
0
0
1
9
49
0
7
70
2
3
0
2
0
0
14
14
0
4
414
0
133
26
33
0
81
0
47
16
0
0
1
0
0
0
0
0
1
0
0
0
0
2
0
0
2
0
0
0
36
0
0
0
2
0
0
8
0
0
1
1
0
0
1
0
53
0
9
31
0
13
0
0
105
1
0
0
0
11
3
0
2
2
0
17
1
15
0
1
6
0
0
4
111
12
28
328
0
60
6
0
0
1
0
0
0
5
0
677
0
126
1
10
0
0
0
1221
1
0
0
0
119
18
0
14
0
18
0
9
0
4
1
147
0
0
0
9
781
5
3372
977
663
0
1
11
0
0
2
95
8
0
29
28
0
0
0
0
1
0
0
0
208
0
234
36
0
4
9
9
0
0
0
6
0
5
0
2
0
1
0
2
46
0
17
0
9
32
1
0
0
0
0
0
1
16
1
0
0
3
0
143
28
0
2
0
1
0
4
0
0
0
0
0
28
8
0
0
287
178
0
63
0
0
0
2
2782
0
0
0
0
0
0
0
2
0
36
0
0
1
0
0
0
0
0
0
0
0
0
0
2
0
0
0
0
0
0
2
1
0
0
0
0
0
0
0
5
0
10
2
20
3
121
8
123
0
24
0
397
1
2
0
0
0
312
0
2
0
0
0
0
0
3
0
0
0
0
0
5
246
0
18
58
1
28
96
0
159
2
7
4
0
1
0
0
0
1
4
0
0
2
0
0
20
97
0
0
0
11
8
0
5
0
56
10
0
0
0
0
116
0
840
1007
0
733
0
0
909
140
3
0
0
0
0
1
16
2
235
262
65
56
0
6
1
3
0
0
0
0
8
4
0
2
6
0
5
0
4
0
0
0
3
0
1
0
0
0
0
0
0
5
0
1
280
0
0
1
0
0
0
21
2
17
3
6896
11
159
399
11
0
0
644
0
0
0
0
0
0
0
0
0
13
1900
1580
33
0
0
0
0
0
0
41
1
512
9
52
3
0
14
181
15
0
1
2
17
0
10
1
0
0
506
0
1276
47
0
38
0
0
6
0
0
0
3
10
0
10
0
0
0
0
0
49
0
0
1
1
0
0
0
0
0
6
0
2
8
0
0
0
0
4
0
0
0
0
2
0
1
1
0
1
0
0
12
0
0
4
67
79
0
55
509
0
1
64
41
44
32
0
1
225
57
0
0
0
13
0
270
146
28
142
4
0
3
0
41
85
52
0
38
0
26
79
698
5
0
0
0
493
0
12
0
6
0
0
3
0
1
7
0
57
30
3
22
152
0
1
0
0
2
0
0
19
0
0
0
1
0
0
4
0
0
0
120
0
64
9
0
14
1
5
47
2
3
0
1
230
0
199
1
0
2
0
0
1
0
20
18
0
2
0
0
1
0
1
0
0
0
0
0
2
261
64
0
51
7
12
0
12
0
5
2
0
0
1
0
231
0
8
0
1
5
2
0
0
2
0
5
3
0
3
0
1
42
0
15
0
21
18
2
33
0
0
889
14
4
0
1
0
0
0
3
0
0
1
0
0
1
1
2
0
1
0
0
0
0
0
1
0
0
0
0
0
0
11
0
0
139
817
67
0
16
0
173
87
4
0
0
115
9
0
157
0
5
4
2
28
5
0
2
126
0
42
0
50
4
0
0
19
4
0
0
0
0
0
41
0
2
0
0
0
2
6
0
0
2
0
7
1
2
4
0
1
191
3
80
839
44
103
1970
118
1094
0
0
0
0
2
0
3
1
1
0
1
0
10
0
0
0
0
0
11
556
2
22
0
19
0
153
20
1
15
270
0
149
0
0
3
6
0
9
233
1
2
130
2
110
0
2
0
0
3
0
0
0
0
32
1
13
0
0
402
2419
120
0
194
0
8
0
102
230
0
1
0
8
0
0
0
13
0
0
366
5
6
0
0
0
64
3
15
0
15
2
1171
251
0
1
0
0
0
35
4
2
0
1
123
1
0
0
0
0
0
14
0
1
0
0
0
0
0
0
0
0
0
0
6
0
1
0
0
0
0
0
0
17
0
144
3
3
0
0
2
0
3
2
65
471
2
0
4
0
1
223
18
3
11
2
1241
6
4
63
0
10
69
6
0
0
0
0
0
0
0
0
638
12
0
17
0
0
0
0
0
0
0
0
1
1
0
2
0
9
1
0
0
0
0
0
2
10
0
0
0
250
177
8
44
39
0
0
2
0
5
0
8
0
2
8
1
0
1
0
0
0
1
0
2
0
0
2
0
0
391
63
0
176
2
66
151
0
3
0
0
0
12
3
1
0
1
0
0
1
0
1
0
12
0
2
12
0
0
0
4
3
0
0
0
0
2
0
1
0
0
0
0
9
878
5
294
4
9
0
221
3
26
0
21
276
848
1
1
0
0
0
0
0
0
0
0
1
0
20
0
0
0
0
1
0
0
3
0
0
0
0
0
0
0
0
5
0
2
1
0
0
0
0
4
0
1
0
6
0
2
41
3
1
10
0
0
6
0
0
0
89
0
460
0
23
2
0
1
0
0
4
141
1
578
0
0
0
0
0
0
0
31
0
0
6
0
2
3
0
0
0
0
43
27
23
8
0
0
1
0
0
0
0
0
0
0
0
0
0
0
0
0
2
1
0
0
1
0
1
0
0
0
0
0
0
0
10
0
0
0
12
0
0
0
0
0
0
2
0
1
0
12
0
9
0
2
0
0
0
0
0
0
0
0
0
0
0
0
0
0
9
2
0
0
0
0
0
1
0
0
0
1
1
0
0
1
0
13
1
4
0
0
0
0
0
57
0
0
3
0
2
0
0
0
0
0
0
0
3
0
2
0
0
0
209
0
138
0
0
92
13
1
3
0
9
2
0
11
0
0
0
0
1
40
1
226
0
76
11
0
6
3
0
0
8
6
0
0
54
0
0
0
4
1
0
0
11
0
1
1
0
1
1
0
0
1
0
0
0
0
0
0
0
4
0
0
0
29
2
0
1
0
0
0
0
0
0
0
0
174
32
883
22
0
7
480
1
0
0
113
0
55
1
0
0
0
12
0
0
0
4
4
0
0
0
12
0
0
0
0
0
0
1
0
0
41
9
1
0
4
0
0
6
0
6
4
0
0
5
0
0
0
0
0
0
0
0
0
1
0
0
62
0
0
11
0
0
0
0
4
0
1
1
11
0
2
0
6
1
0
0
0
0
0
421
0
0
15
0
1
5
0
0
0
0
0
1
0
1
2
0
21
0
3
0
3
2
0
2
0
277
1
39
0
2
0
0
0
0
0
0
0
0
6
0
2
18
0
10
0
0
0
0
0
0
0
0
0
0
0
0
0
0
0
0
0
0
0
0
0
0
2
0
0
0
0
0
2
0
1
0
0
0
0
0
1
0
0
0
0
0
6
4
0
2
5
0
21
0
2
0
0
0
0
1
1
0
0
6
0
0
0
1
0
0
0
12
0
0
0
43
0
41
0
0
15
0
0
1
0
0
0
3
0
0
4
0
0
7
0
0
0
0
0
0
7
0
0
0
1
0
0
0
0
0
1
4
1
1
36
0
0
0
0
0
0
0
0
0
0
0
0
0
0
0
0
0
7
0
0
0
2
0
0
2
2
0
6
35
0
0
0
224
0
0
0
0
0
0
0
0
0
0
0
0
1
0
0
0
15
0
14
0
2
18
5
0
5
39
0
0
0
0
0
18
0
6
1
0
0
0
0
0
0
0
17
0
0
0
0
10
0
0
0
0
0
6
0
0
0
2
1
0
0
1
0
1
0
7
33
0
0
22
11
0
7
3
0
5
0
7
0
0
0
0
36
0
0
0
5
4
8
0
2
4
0
11
0
0
24
0
0
151
19
1
29
0
11
102
0
9
50
5
57
0
1
23
8
0
2
11
0
0
4
0
0
1
0
0
0
0
1
1
1
0
0
5
0
1
20
5
1
0
0
5
18
2
20
0
0
24
2
2
20
0
0
17
0
1
5
1
1
2
0
0
5
0
35
6
0
1
3
8
10
0
0
0
0
748
8
0
221
1
0
0
17
9
1
6
0
0
18
7
2
0
9
0
20
25
0
1
60
4
11
0
2
47
0
13
90
9
5
0
0
1
0
0
0
0
0
0
13
5
2
5
5
4
2
9
74
0
3
0
96
7
0
0
0
194
0
0
0
1
0
33
12
6
0
3
3
0
1
8
0
2
312
48
19
1
6
0
0
0
1
1
0
1
63
0
1
13
0
0
128
84
0
2
102
0
0
0
5
0
0
47
0
7
0
22
0
2
0
5
0
0
1
0
0
67
4
106
0
0
3
0
16
0
0
0
3
6
6
0
0
5
0
2
0
1
8
258
44
0
0
0
23
7
2
0
0
0
29
0
10
6
2
3
2
0
1
15
0
2
6
0
3
29
9
0
0
2
3
12
20
0
13
0
12
0
12
2
0
525
0
36
1
46
0
569
0
141
109
0
0
49
0
13
2
0
0
0
0
0
0
0
1
1
0
0
0
0
0
0
0
0
0
1241
0
647
1138
202
196
2
0
1
0
1
0
3
1
0
0
0
0
0
0
0
1
0
1
0
0
17
41
1
215
0
2
13
86
3
3
33
8
14
8
5
0
0
12
2
0
72
0
0
2
2
0
1
0
1
0
1
0
0
1
0
1
1
0
0
1
0
303
29
0
32
36
2
0
0
0
28
20
0
2
0
0
230
28
15
68
143
0
0
5
14
3
2
0
0
0
0
0
0
9
23
1
1
1
0
2
1
158
17
0
28
51
325
3
0
9
246
131
0
7
0
0
0
0
16
0
12
0
0
0
0
0
0
0
0
0
0
39
191
110
0
0
0
0
0
0
3
19
0
2
0
0
0
1
5
0
0
23
6
4
27
7
0
0
49
0
2
0
0
0
36
0
4
0
0
0
0
0
0
0
5
3
0
4
3
0
6
3
0
0
42
0
0
8
10
0
0
0
0
324
0
2
15
6
18
0
1
1
0
0
83
10
19
18
1
0
3
5
44
0
0
0
4
17
12
5
38
12
0
11
1
6
0
0
0
0
0
38
13
3
11
27
0
0
0
56
0
53
1
0
0
0
3
7
0
0
5
2
0
2
0
815
91
67
0
0
0
0
0
0
0
0
0
0
0
0
1
0
0
30
0
0
0
0
0
0
0
1
0
0
3
0
0
0
0
0
0
0
1
4
0
0
0
0
0
1
0
1
0
0
12
5
0
0
1
0
12
2
0
2
5
0
1
1
0
0
2
0
3
0
0
0
0
0
0
0
3
0
0
0
0
0
0
0
4
3
0
244
2
665
0
29
97
0
0
0
3
36
1
235
26
0
9
160
8
0
0
4
1
0
758
176
0
14
37
0
0
5
5
0
0
0
26
12
0
2
0
16
5
0
0
0
0
0
0
3
0
0
0
2
19
34
26
0
6
3
0
1
0
0
0
0
0
0
7
3
5
0
17
1
0
0
42
8
16
0
9
0
15
0
7
38
35
0
0
36
0
138
1
65
0
0
47
53
2
33
31
0
5
2
0
0
3
0
0
0
0
336
0
1
0
0
17
3
2
5
41
0
0
0
7
7
0
8
0
3
0
4
0
1
16
919
86
0
3
0
2
2
6
398
0
40
6
0
2
7
0
0
16
2
39
10
8
1
10
0
115
34
0
0
0
2
2
0
0
150
2701
2
1429
2
7
1638
1180
4
1
0
0
1
0
67
37
2
14
239
0
6
0
1
0
35
26
8
0
6
1
95
184
0
51
8
14
3
0
5
3
1
0
16
0
1
4
1
0
1
11
0
0
2
0
1
0
0
0
0
0
176
111
0
83
26
50
0
0
0
0
0
0
0
0
1
0
0
0
1
0
0
3
1
150
60
0
2
22
119
8
2
0
0
3
0
14
3
0
2
1
2
1
47
28
0
9
8
0
0
8
1
0
0
55
9
38
0
22
9
1
5
362
7
27
5
0
0
0
0
15
1
2
0
0
0
0
38
16
1
6
9
0
16
3
0
0
8
0
1712
2
346
1639
9
2
0
4
2
1
10
0
10
2
5
0
0
113
0
1
3
0
7
3
0
116
37
2
0
0
0
1
96
0
0
0
1
3
2
13
0
0
0
220
59
8
30
0
0
1
0
0
39
123
0
203
0
98
2
0
0
0
347
0
0
150
0
13
0
4
2
2
0
4
0
0
0
1
0
16
0
241
50
26
0
4
0
0
0
0
1
9
13
0
11
93
0
3
5
0
6
0
0
17
0
16
30
0
0
0
0
0
0
0
0
0
0
5
0
7
3
0
0
2
1
1
0
14
0
1
4
2
0
0
28
0
0
5
69
42
1
0
0
0
0
0
0
0
0
2
24
3
0
1
0
0
8
0
0
0
122
47
0
23
31
0
5
2
0
1
22
0
0
0
20
27
141
0
43
0
2
0
0
29
0
0
50
0
72
2
3
0
1
8
795
0
14
212
102
8
53
4
0
1
0
27
4
27
5
0
0
0
513
0
220
0
0
97
50
0
2
11
120
0
8
0
144
0
4
0
880
0
0
0
4
8
0
0
70
0
68
49
0
2
0
0
38
0
5
10
0
0
0
34
2
2
0
0
0
0
0
1
9
645
0
82
15
17
2
14
9
0
0
0
0
15
4
9
13
0
0
0
0
3
1
0
1
0
1063
50
1
36
15
1
40
1
46
1
4
38
0
26
0
0
0
0
0
16
0
0
0
352
5
0
51
369
1824
14
1098
1073
1052
1336
6
174
0
12
66
0
0
0
0
46
3
0
7
4
0
2
5
2
2
1
1
0
0
0
2
2
28
21
0
0
0
7
2
12
76
0
24
28
6
4
0
2
0
0
0
5268
54
5
0
0
9
1712
0
8
0
0
0
252
4
0
0
35
3
5
19
0
0
0
0
0
1
0
0
0
2
0
333
56
27
18
0
0
898
0
65
123
1680
0
1074
0
12
13
4
2
0
2
0
0
9
1
117
75
2
82
14
12
0
3
40
1426
3
1127
8
48
1
0
0
56
0
1
61
1
0
0
126
0
12
0
755
9
324
3
0
0
0
85
1
53
76
0
16
0
0
0
1
0
0
18
0
5
20
1
57
12
5
4126
1065
0
0
1111
0
175
1
43
0
9
0
0
128
892
1
1
0
50
0
0
0
27
3
0
1593
3
251
2
0
2
0
3
0
1
1
0
44
6
15
0
4
0
0
1
34
0
118
4
0
0
46
9
0
0
16
542
397
0
6
0
145
0
12
96
0
0
3
0
810
2
412
448
0
375
1559
0
1837
48
127
0
15
0
0
0
23
26
0
4
1704
26
723
62
0
27
0
0
0
0
0
0
0
141
0
5
0
3
7
0
6
37
235
0
0
4
2
0
0
0
135
0
0
0
175
0
128
0
0
0
0
488
152
1467
0
1328
191
0
1
0
0
0
480
149
10
2180
2
75
0
8
2
1
1
0
1
0
0
187
0
4
7
1
1
31
2
5
115
0
0
34
16
4
44
0
0
2
1
0
21
5
0
4
25
0
1
0
1
73
0
86
4
13
311
0
3
0
73
0
2
36
0
0
0
0
0
0
0
39
0
0
0
0
0
0
1159
0
53
3
2
0
4
16
0
1
64
6
62
7
1
13
60
0
4
41
0
0
0
4
0
1
0
1
0
12
97
29
0
0
0
0
7
8
4
0
0
0
3
0
0
0
2
0
1
0
0
0
117
0
0
2
0
69
6
0
4
0
0
8
3
0
7
0
0
0
0
0
256
0
7
0
0
0
0
34
0
3
0
1
0
0
9
176
0
7
0
115
0
1
0
0
20
11
1
7
14
0
10
0
0
0
0
0
0
2
0
4
0
2
98
11
0
2
0
0
1
0
1
0
5
0
31
0
10
0
4
17
0
73
26
0
11
2
0
4
0
1
0
0
1
0
0
30
0
2
1
1304
64
340
0
0
0
0
32
13
0
4
11
35
0
0
0
1
0
1
0
0
10
0
0
6
3
0
2
0
0
0
55
21
1
0
1
0
0
0
0
5
0
18
0
0
14
0
4
0
13
4
0
1
0
0
0
2
7
0
4
0
0
0
0
4
3
0
9
0
1
0
239
24
2
0
14
0
1
1
3
0
0
0
0
0
9
6
0
0
0
0
0
0
6
158
13
1
0
2
1
0
0
0
0
3
12
0
24
0
0
0
0
0
0
0
0
0
0
0
0
0
0
0
28
0
0
35
0
14
0
3
0
0
0
0
0
0
0
0
0
0
1
0
0
15
1
0
0
3
0
0
3
13
0
0
0
1
0
106
0
0
0
0
0
0
0
0
0
0
1
0
1
62
2
0
54
3
0
0
0
0
0
0
0
0
1
0
0
4
4
0
163
6
0
0
0
0
19
2
0
2
9
0
0
1
0
0
1
0
0
7
1
0
1
0
15
0
0
0
4
0
0
0
15
4
12
0
0
0
0
12
10
0
0
0
0
0
0
2
25
2
0
0
0
0
0
0
0
0
0
3
0
11
7
0
0
0
0
0
0
0
32
3
0
9
0
172
13
2
0
0
0
0
0
0
0
0
0
0
0
7
3
0
2
0
0
0
0
0
1
0
0
0
0
0
0
0
1
0
0
12
0
2
0
0
2
0
0
0
0
0
2
7
0
3
0
0
0
0
0
0
0
0
3
0
0
16
3
2
0
1
0
1
1
0
0
3
0
24
1
0
10
0
0
24
0
0
0
4
0
0
0
0
4
0
6
7
0
2
3
0
2
0
2
2
0
1
0
0
0
0
1
0
0
0
0
0
0
0
0
0
0
2
0
0
0
34
0
0
1
14
15
0
1
0
15
0
4
0
19
0
0
4
0
0
0
2
182
2
0
6
5
0
58
0
79
11
0
43
0
0
6
0
0
0
0
0
0
0
0
14
0
0
0
0
0
0
5
0
6
6
0
0
11
16
0
131
12
0
0
0
4
0
0
0
0
0
0
0
0
0
0
0
0
0
0
0
0
0
0
0
0
0
1
0
1
29
0
0
0
0
10
0
4
1
0
1
0
0
0
0
6
11
0
56
0
7
0
0
0
14
0
2
0
1
0
0
4
0
0
0
0
37
0
0
0
0
0
0
0
0
0
0
0
0
1
1
0
1
1
0
0
0
287
2
34
1
0
1
0
0
0
68
6
0
0
1
0
4
0
1
0
0
0
1
2
0
1
1
0
2
0
1
4
0
0
0
1
0
106
11
0
0
21
3
1
0
7
0
0
0
6
0
1
1
0
1
1
0
1
2
1
0
0
0
1249
0
0
0
0
0
1
1
0
0
0
2
0
0
1
21
50
1
0
0
0
0
0
0
0
0
0
0
0
4
0
0
49
0
0
0
0
2
10
0
0
0
0
0
0
0
0
0
0
4
0
11
0
6
0
0
4
0
0
0
0
0
38
2
1
0
0
0
0
0
0
0
0
0
0
0
12
347
0
0
0
0
0
0
2
318
0
2
45
273
75
1
4
35
0
253
0
0
0
0
0
0
12
0
7
1
0
0
1
0
0
0
1
2
0
0
0
0
0
0
0
0
0
2
22
0
2
0
0
0
31
0
0
0
0
0
0
1
4
3
1
0
1
0
1
18
2
188
119
0
7
2
0
0
0
0
0
0
4
0
19
0
0
0
0
0
0
19
1
0
0
5
0
0
1
0
0
0
0
0
0
0
0
0
0
0
0
4
0
0
2
2
0
0
26
0
0
4
0
11
5
0
0
0
0
0
3
0
185
4
0
0
0
0
0
0
0
0
0
13
0
1
0
3
1
6
4
1
0
0
0
22
0
27
0
3
0
0
2
102
13
6
2
0
0
0
0
3
2
0
0
1
0
15
0
0
0
0
20
5
235
2
100
11
0
0
0
0
3
0
0
1
5
79
77
2
0
2
0
0
0
11
1
7
14
0
3
0
0
1
0
0
0
5
0
0
12
0
10
1
0
0
6
0
2
59
1
8
4
0
38
0
1
0
0
0
0
0
0
0
0
0
5
10
6
8
0
0
0
0
0
1
0
7
42
4
49
4
17
2
1
0
0
678
26
4
1154
10
0
9
31
1
0
0
0
0
0
0
6
2
0
1
0
1
0
0
0
0
13
0
1
0
3
1
0
1
0
6
0
0
11
0
0
0
0
0
0
33
0
0
0
0
0
0
0
21
1
0
5
1
3
0
0
0
0
0
0
3
0
0
0
0
2
0
122
2
0
11
0
0
0
0
0
1
0
0
0
0
0
0
0
30
0
0
0
0
0
0
0
0
0
11
0
28
80
0
10
0
0
0
0
0
37
1
4
7
0
0
0
27
0
7
0
0
0
1
0
0
3
0
10
3
0
0
0
0
0
0
0
0
4
0
6
0
2
28
0
19
0
0
0
0
0
0
0
0
3
0
0
0
0
0
0
0
0
0
0
0
0
0
0
60
21
0
0
1
1
64
23
2
35
0
0
0
0
2
1
0
0
9
2
0
73
0
0
0
0
7
0
0
0
0
0
1
0
0
0
0
0
0
0
0
0
0
2
0
8
0
12
4
0
0
0
3
2
8
0
6
0
0
0
3
0
8
57
6
456
0
4
0
0
1
0
2
0
64
0
12
0
0
1
4
0
0
18
10
1
20
26
40
2
1
0
120
53
0
0
0
11
3
1
0
6
0
0
1
0
0
0
0
0
14
0
1
0
1
3
0
3
2
0
1
4904
1
0
0
0
0
0
0
0
0
0
0
0
7
0
0
1
0
0
0
0
0
0
0
0
0
0
5
0
0
142
3
10
233
8
0
1
0
0
0
0
3
21
0
0
0
0
0
8
0
0
3
3
23
0
15
6
0
2
0
64
44
9
0
0
0
0
0
0
0
0
0
0
0
0
0
0
12
0
4
2
0
0
0
0
0
0
1
0
1
0
0
0
0
0
0
0
1
0
54
12
99
0
7
0
5
0
0
5
0
0
1
463
0
118
0
0
0
0
8
0
6
0
10
0
0
0
0
8
0
5
12
1
1
3
0
0
2
1
0
0
0
0
0
0
3
2
0
4
0
2
0
1
0
0
0
0
0
0
0
0
0
0
16
29
0
2
0
0
0
0
0
0
73
8
0
7
0
0
6
5
0
1
2
0
7
1
5
0
24
32
0
0
0
9
0
0
0
0
18
154
0
2
0
8
0
2
0
0
0
15
0
2
0
0
0
0
1
488
1
0
0
100
2
0
3
0
1
18
0
0
0
1
1
0
0
1
1
132
0
0
0
356
0
0
0
114
251
0
15
20
0
280
0
102
0
0
2
0
69
0
0
0
0
4
0
1
0
0
0
0
0
0
0
2
0
0
2
0
25
2
31
0
1
0
0
0
0
7
0
0
0
0
3
5
2
0
0
0
1
0
3
1
0
0
6
0
2
0
0
75
0
0
0
3
0
1
0
0
0
0
0
14
27
0
175
4
0
3
0
0
0
0
0
0
0
0
0
0
0
1
0
0
0
0
2985
9
374
7
0
0
0
2
0
0
0
0
0
0
0
0
0
0
0
3
0
1
0
0
0
0
0
0
1
0
8
0
1
0
1
0
0
0
1
0
0
0
0
0
1
0
198
15
0
46
0
0
2
0
0
0
0
0
2
0
0
7
0
0
0
0
1
0
0
0
31
0
0
0
46
0
17
0
0
0
0
1
0
0
12
3
4
1
0
4561
26
3417
134
57
0
0
0
0
1
17
0
18
0
17
1
0
55
2
1
0
0
0
0
0
0
3
0
2
3
0
0
0
2
0
0
0
7
2
1
1
0
0
0
0
0
25
0
12
0
13
0
13
1
11
1
0
0
4
12
7
2
0
2
1
2
3
0
0
562
44
5
0
4
0
0
0
1
0
0
2
0
1
0
1
0
0
17
0
0
0
0
0
0
0
0
0
0
0
35
1
19
89
1
0
0
1
1
21
0
8
0
0
10
3
0
2
6
0
0
0
0
0
7
0
5
0
0
1
0
0
8
0
0
1
0
3
0
0
0
0
0
0
0
13
0
1
0
0
0
0
2
0
0
0
0
0
2
75
0
44
2
6
0
3
34
0
0
0
0
0
0
14
1
0
0
0
0
13
12
0
3
103
0
93
0
0
34
0
2
0
46
3
0
0
0
0
4
0
0
0
20
0
2
0
0
0
0
0
0
0
0
1
0
15
6
0
0
0
0
0
0
0
9
0
0
0
0
0
0
1
6
0
0
1
0
0
1
1
0
0
0
0
0
43
1
2
0
2
0
0
0
3
18
0
0
0
0
6
2
0
0
0
0
3
0
2
0
1
0
0
0
1
0
0
1
0
0
0
0
2
0
0
2
0
0
0
0
0
0
1
0
1
0
0
2
0
1
0
0
31
12
0
0
0
0
0
0
6
0
0
1
13
1
0
0
0
0
0
0
0
1
0
0
0
0
45
0
0
10
0
0
0
0
0
0
0
0
21
1
0
186
0
0
307
0
3580
947
1
0
0
11
0
0
5
0
0
22
0
2
0
28
4
0
7
0
0
0
0
0
3
0
0
0
0
0
1
0
0
5
0
2
10
0
87
31
0
2
0
0
0
0
0
0
0
0
2
49
1
32
0
7
58
2
15
40
2
0
1
0
8
50
0
17
0
28
0
1
0
0
1
0
318
217
0
6
0
0
0
1
26
0
20
60
1
0
8
0
0
0
0
0
0
0
0
0
1
0
11
0
0
0
0
0
0
1
1
0
0
0
0
0
0
0
1
0
270
0
0
0
0
1
0
0
22
0
5
0
5
4
0
0
5
0
0
0
0
1
14
217
0
4
3
0
0
0
0
0
20
0
0
0
0
0
0
0
0
0
0
0
7
0
0
51
11
0
0
0
18
0
1
0
0
0
0
0
0
2
0
1
0
0
45
55
0
3
75
0
31
0
0
2
0
42
0
0
0
0
7
10
0
0
0
0
0
0
42
1
0
0
25
0
12
29
0
8
2
0
2
0
0
0
0
4
1
0
0
18
0
0
0
7
0
3
0
0
7
0
0
0
0
4
0
2
5
0
0
0
0
0
0
4
0
0
0
0
0
1
0
0
0
0
0
0
0
0
0
0
0
8
0
0
0
0
0
0
0
0
0
2
0
0
4
2
3
2
0
0
0
0
0
0
8
0
6
23
0
0
0
0
0
0
0
0
0
18
64
0
4
0
0
0
0
7
5
0
0
0
0
1
0
0
0
0
0
0
0
0
0
14
0
0
0
0
0
1
0
93
6
0
0
1
0
1
18
0
1
35
0
15
0
38
0
0
0
6
0
6
0
0
9
6
0
0
3
0
0
0
0
0
1
0
0
0
0
0
0
0
0
0
0
0
0
0
0
1
6
0
0
0
1
1
0
0
0
0
0
1
2
0
0
0
6
6
0
0
0
0
0
0
0
0
4
0
2
2
0
0
0
0
5
0
0
0
0
0
5
0
27
0
0
6
4
0
0
0
0
0
0
4
0
0
0
0
0
0
0
0
0
0
0
0
0
0
3
5
0
67
0
6
2
0
19
0
16
15
1
13
0
64
0
8
0
0
0
0
0
0
0
1
0
0
0
0
0
0
0
0
0
0
0
0
4
0
0
0
0
0
0
0
0
0
0
0
0
0
1
0
0
119
0
21
104
3
56
5
0
1
0
2
0
151
0
1
0
23
7
12
0
0
3
0
0
0
0
0
0
0
0
0
0
1
0
0
0
0
1
0
3
0
49
7
0
3
0
0
0
34
9
2
0
0
4
0
0
0
14
3
0
0
1
0
0
0
0
0
4
0
0
0
0
0
0
0
81
3
24
16
0
0
0
0
0
0
4
5
0
3
0
0
0
630
620
0
8
0
52
0
0
0
0
0
0
0
8
2
1
0
0
1
2
1
0
0
0
0
0
7
0
0
2
0
0
0
0
0
0
0
1
0
2
3
0
2
0
0
0
3
0
7
2
0
0
0
0
0
47
1
4
0
0
0
0
0
1
0
0
0
2
0
0
38
0
17
308
4
304
0
0
20
0
0
1
0
1
0
38
25
0
26
0
19
33
0
0
0
1
212
5
207
0
0
16
0
0
1
0
0
0
1
5
317
0
233
21
2
11
0
0
0
0
2
3
5
0
4
0
3
0
3
1
0
0
0
2
1
0
0
0
0
1
0
0
0
0
0
0
1
0
0
0
0
0
2
0
1
0
0
0
29
0
69
14
0
2
0
0
0
1261
3
564
15
0
0
415
186
160
127
26
0
0
472
120
0
100
6
0
0
0
41
0
0
0
0
0
23
0
267
27
0
3
0
0
180
12
0
2
0
0
0
1
1
0
0
301
20
77
1381
0
6
366
2
312
1
224
0
0
1
5
1
0
0
21
11
0
32
0
0
0
4
0
0
0
1
0
0
0
0
0
0
0
0
0
0
0
4
0
4
0
0
0
0
0
0
0
0
0
0
0
1
1
1
0
0
0
1
17
0
2
1
0
0
0
0
2
0
0
0
7
0
4
0
0
0
0
0
0
0
0
0
18
0
0
0
0
1
0
0
0
0
0
0
0
0
0
1
0
0
0
0
1
1
2
0
1
0
0
0
14
0
13
0
2
0
2
0
0
0
0
0
0
0
0
0
0
0
2
0
0
5
0
1
0
0
0
16
2
0
0
0
0
0
9
0
0
0
26
10
0
0
0
0
0
0
0
1
0
0
4
0
1
13
4
31
0
3
2789
0
6
0
0
0
0
1
0
117
167
0
21
0
105
31
0
0
0
0
2
0
2
0
28
0
0
3
0
17
15
0
4
1
0
0
1
1
5
0
0
0
59
0
0
0
1
11
1
3
0
0
0
12
4
0
14
0
0
0
1
0
106
0
30
0
0
0
0
37
0
0
0
0
127
4
0
2
0
0
58
8
15
0
0
45
0
29
0
0
1
0
0
0
0
0
0
0
0
13
0
0
0
0
0
0
41
0
0
0
0
29
9
0
0
0
0
1
0
0
0
0
0
0
0
1
0
0
0
2
0
0
0
4
0
0
0
5
2
4
0
2
0
0
0
84
0
124
11
1
6
10
115
0
0
0
0
0
6
5
1
0
4
0
0
7
0
17
0
108
1
0
0
18
68
0
0
0
0
8
0
0
0
0
4
14
0
10
0
2
0
1
1
0
1
26
0
1
0
0
11
0
0
0
3
2
0
12
0
0
0
0
0
3
0
0
2
0
1
1
15
0
73
63
0
2
0
1
0
3
0
0
0
0
100
0
1
154
0
1
20
2
0
2
0
0
0
0
0
0
0
0
0
0
0
0
0
0
3
0
0
0
1
12
109
0
0
0
0
2
0
0
30
0
8
0
0
0
2
0
0
0
3
1256
0
2
7
0
9
0
0
0
0
0
59
0
0
42
0
14
1
1
243
62
56
0
32
0
829
0
2
0
3
4
0
25
0
0
0
50
0
0
0
14
0
5
0
2
0
0
2
2
0
0
6
0
0
0
0
0
0
0
4
8
1
1
0
0
0
0
0
1
0
0
244
119
46
0
40
19
0
0
0
4
6
0
0
0
0
0
0
0
0
0
0
0
0
0
0
10
0
1
0
2
2
6
0
3
0
0
0
3
2
0
0
12
0
0
20
0
0
39
2
1
0
28
0
1
2
0
0
15
1
1
1
0
1
4
0
0
3
0
1
2
0
0
0
1
87
6
0
39
15
16
0
23
0
4
22
4
0
4
4
1
39
86
0
0
9
0
2
1
1
4
26
7
0
0
27
0
0
0
1
0
1
0
0
2
0
0
12
0
0
0
4
0
7
7
0
3
0
0
0
0
0
0
13
49
22
92
27
0
26
0
4
0
0
0
0
0
0
43
41
9
40
0
11
2
1
0
0
0
0
0
0
0
0
234
5
106
27
0
3
1
508
0
400
14
0
0
0
0
0
46
1
138
22
0
0
0
2
0
0
0
5
0
0
0
0
10
1
0
0
0
0
0
0
0
0
0
1
13
0
2
1
0
5
9
0
0
0
0
0
0
0
0
0
0
5
0
2
0
30
0
14
13
0
2
6
0
4
0
2
0
0
1
0
0
0
0
25
4
6
18
0
0
0
0
0
0
0
1
0
14
9
2
0
0
8
0
0
4
2
0
0
1
0
0
52
17
0
0
0
7
1
1
1
110
3
1
0
0
0
2
0
0
0
0
4
0
12
1
0
0
1
0
4
0
5
25
0
0
0
0
26
0
0
0
0
10
0
0
0
0
70
1
0
2
62
62
0
0
415
467
1
171
2
3
0
2
0
0
26
0
0
6
23
8
35
17
0
0
0
0
157
53
1
100
0
6
0
0
1
0
0
9
0
7
8
1
1230
340
0
0
0
283
53
0
31
0
0
2
0
1
0
0
0
0
0
0
0
20
0
0
121
0
0
0
17
0
3
0
0
19
0
6
21
8
0
8
2
0
4
40
2
0
8
0
2
0
0
0
0
0
1
1
11
0
0
0
0
0
0
0
0
0
0
2
0
0
0
0
165
0
48
1
0
0
0
0
0
376
0
2
1
13
282
5
322
2225
0
594
0
9
0
0
0
35
8
0
0
0
5
1
0
0
12
1
0
1
0
0
0
0
4
0
10
0
6
2
0
2
12
1
0
0
1
0
0
0
0
7
2
12
1
0
0
5
1
0
0
0
0
0
1
0
0
0
0
2
0
0
950
18
21
46
0
15
12
7
0
0
0
17
0
0
0
124
5
14
91
1
53
0
3
5
0
0
1
0
4
0
2
57
1
21
0
0
0
0
0
0
1
0
0
0
0
0
15
0
0
49
2
4
0
0
1
0
0
3
0
0
0
0
0
2
2
0
0
1
0
0
1
0
17
2
0
1
1
10
1
3
3
178
1
0
8
20
0
1
0
1
0
0
90
1
21
4
0
1
0
83
3
0
661
538
0
72
1
16
0
0
0
0
108
3
0
0
0
0
0
0
0
0
0
98
356
2
271
7
12
166
0
62
0
0
1
0
0
764
329
6
0
12
0
7
0
574
20
1883
34
5
0
278
2
0
1
17
52
31
0
6
7
0
1
135
48
2207
719
79
47
5
3
11
0
0
130
2
0
0
22
0
6
0
368
40
1
83
39
47
0
8
0
2
0
0
2
0
1
0
4
0
0
5
0
0
0
0
0
13
0
1
17
0
2
11
0
0
0
0
0
18
22
5
0
1
0
0
0
3
0
0
9
0
9
0
0
0
0
0
50
0
66
1
1
0
0
13
10
222
2838
713
194
0
1
149
8
4
87
0
0
9
0
0
0
0
0
0
0
0
0
17
0
0
0
6
0
3
0
0
0
0
0
0
8
39
0
1008
162
0
0
26
2
17
14
0
0
0
0
1
0
0
2
0
2
0
0
0
0
0
0
0
0
0
0
477
733
0
374
13
1
0
0
10
0
0
0
0
0
0
1
0
0
0
0
49
2
0
0
0
0
0
28
6
14
0
1
0
0
0
15
0
0
0
0
3
4
0
0
6
6
0
0
0
1
0
0
0
0
0
0
20
57
0
0
0
0
0
2
0
0
0
0
0
0
0
0
3
3
0
0
4
0
0
0
0
0
8
6
2
0
1
0
0
5
0
0
0
1
0
179
1
84
45
2
56
0
86
0
53
3
0
0
0
0
49
2
0
7
1
0
13
0
1
0
3
0
1
0
2
0
0
24
0
8
4
11
8
1
0
0
0
208
0
0
0
0
0
207
4
14
0
0
111
0
1
0
14
1
0
6
2
0
613
3
230
0
2
0
1
0
16
0
0
0
0
0
1
0
0
0
0
0
0
0
420
4
161
0
0
0
0
0
0
0
0
0
0
0
0
0
0
0
21
7
7
0
0
0
43
0
21
3
0
19
0
9
14
1
47
0
30
12
0
2
35
0
7
0
0
0
0
0
0
188
39
69
269
0
0
577
9
150
113
1
0
1
0
17
10
364
75
43
1
0
33
15
1
55
2
0
0
0
4
0
1
0
0
0
0
0
0
0
3
11
2
1542
769
147
158
8
0
1
5
2
0
3
0
1
95
9
0
25
130
0
0
11
0
2
0
0
1
0
0
6
76
0
31
0
0
0
0
0
0
22
0
0
0
1
0
0
0
0
1
0
28
4
11
0
25
7
5
55
0
0
0
0
805
338
0
8
0
24
5
0
0
1
255
64
0
14
17
10
0
0
0
0
21
441
648
0
62
0
289
0
0
2
6
3
0
3
0
6
2
13
0
105
42
0
13
99
4
0
515
1
43
0
111
227
16
28
2
13
179
75
6
0
110
4
0
1
0
0
0
28
4
31
3
0
1
0
0
0
0
0
0
0
0
0
10
0
0
0
0
0
1
0
0
0
0
1
0
25
0
12
0
3
3
0
0
0
0
0
33
0
0
0
0
0
0
0
1
26
19
0
36
0
5
0
1
0
0
0
0
0
33
0
0
0
0
0
0
0
0
3
0
2
0
1
2
0
2
41
0
9
0
715
57
0
0
0
0
1
0
0
0
0
0
2
0
2
0
0
0
0
0
0
0
0
0
0
0
0
1
0
0
1
0
1
0
0
20
19
0
0
0
34
34
14
13
0
5
0
252
8
34
0
114
15
62
0
50
10
7
0
18
7
0
3
25
0
1
26
1
1
0
0
6
6
0
0
11
1
3
0
0
1
0
0
1
0
177
5
90
1
132
0
0
0
5
31
0
0
1
0
0
37
13
19
0
5
0
4
1
0
4
0
1
0
0
3
137
59
59
1
0
0
0
0
0
1
0
0
0
0
8
2
0
0
0
0
19
0
13
0
0
16
1
0
0
0
6
0
0
5
17
0
5
0
0
1
0
1
0
0
1
0
0
0
0
0
0
0
0
9
0
1
0
1
0
0
0
0
0
0
0
0
0
0
0
0
3
0
1
0
0
0
0
0
0
14
3
1
0
0
0
0
0
0
0
0
0
0
50
0
0
0
0
0
0
0
0
8
0
2
0
2
0
0
0
3
0
5
1
0
2
2
0
0
0
0
0
8
0
8
0
0
0
0
0
0
0
1
22
3
0
0
40
0
1
5
0
6
0
0
0
1
0
0
0
0
1
0
0
0
0
0
0
7
0
6
0
0
0
0
6
0
0
0
0
0
0
1
4
2
0
1
2
0
0
0
0
0
1
0
1
0
1
1
0
0
1
0
0
1
0
1
0
0
4
0
1
0
0
1
1
0
0
0
0
19
58
14
0
0
0
0
0
0
0
0
0
0
1
0
2
0
1
0
2
0
0
0
1
0
20
32
0
227
290
2
185
9
1
0
2
437
0
0
0
0
58
8
0
28
327
39
274
19
0
11
3134
9
1
1
0
2
0
0
2
1
0
0
0
4
0
0
0
0
53
1
1
0
0
1
0
773
0
757
0
2
0
1
0
1
0
6
0
11
0
0
1
6
0
0
5
3
0
1
0
1
0
2
0
0
0
0
1
0
0
0
0
1
1
0
2
8
0
5
48
0
0
0
0
0
0
2
0
0
156
0
0
0
1
200
2
22
0
0
0
0
0
0
0
0
0
1
0
0
1
0
5
1
0
0
0
0
1
22
56
3
0
4
0
2
0
0
0
2
0
11
1
3
14
4818
87
100
1
0
4
0
0
0
0
52
13
5
0
3
4
0
0
0
0
1155
0
731
5
0
0
0
0
0
43
608
0
0
0
0
0
0
0
0
1
145
0
17
2
0
0
0
0
5
1
0
0
0
53
0
2
0
0
0
1
0
0
1
0
0
0
0
0
0
0
0
5
0
0
16
0
2
0
0
21
0
3
15
1
0
0
0
0
225
0
0
3
0
3
1
0
0
0
0
0
0
0
0
0
0
3
0
0
0
0
2
0
0
0
18
49
1
181
10
42
569
0
24
11
4
0
0
0
25
0
0
1
0
3
0
0
0
0
0
0
0
37
0
0
1
0
0
4
35
3
176
0
0
0
621
31
0
1
382
33
3
11
1
0
0
0
0
0
0
0
0
0
0
0
0
1
0
0
0
0
6
0
0
118
25
0
12
4
0
0
8
0
0
2
0
0
0
0
0
0
0
0
0
0
0
0
73
0
6
0
1
5
1
0
0
0
0
260
4
0
1
0
0
211
0
0
8
0
7
131
5
0
7
2
0
0
11
0
0
2806
0
1
1
1
3
0
0
0
0
0
1
0
1
1
30
0
13
21
1
1
0
138
61
11
0
5
0
1
0
0
0
0
0
0
0
59
1
11
0
1
28
0
1
1
139
0
1
0
1
1
1
0
21
0
8
0
13
9
0
3
0
0
11
2
0
0
4
0
0
0
0
0
0
0
4
0
4
0
0
0
0
2
9
0
0
0
0
0
0
0
0
0
0
1
0
0
0
0
0
0
0
0
0
0
0
0
0
0
0
0
0
0
0
0
0
0
0
0
0
51
0
0
0
6
2
29
0
0
5
0
0
49
0
18
2
164
14
0
74
10
5
0
7
1
0
0
0
0
12
0
6
0
0
0
0
0
9
0
0
2
1590
630
0
0
0
0
0
0
0
1
0
0
0
0
20
0
1
0
0
0
2
0
0
0
3
0
1
0
3
0
0
0
0
3
1799
5
0
0
1
0
0
1
0
0
0
0
3
0
0
0
0
0
0
0
0
33
0
1
0
0
2
0
1
0
0
0
0
0
0
0
0
10
28
1
15
0
14
562
0
473
3
6
684
0
0
0
4
0
0
0
0
0
0
0
14
1
0
0
0
0
0
1
0
3
0
1
0
0
1
383
4
0
0
0
0
30
0
1
0
0
0
1
0
0
4
0
0
1
0
1
5
0
0
5
0
0
0
0
0
0
0
0
0
0
2
0
30
2
0
0
0
1
0
0
0
0
0
0
0
0
0
1
0
0
0
0
0
0
4
0
0
0
0
0
2
0
2
0
0
0
0
0
19
0
0
0
0
0
0
0
0
5
0
7
0
5
0
0
0
0
4
0
1
0
0
0
0
1
0
0
0
0
0
6
0
2
0
0
0
0
0
0
0
0
4
0
5
0
0
29
0
0
0
0
0
2
2
15
7
0
0
0
0
0
1
0
0
0
0
12
0
1
0
0
3
0
102
1
0
0
0
0
0
0
0
1
0
1
1
0
1
18
8
0
61
0
5
0
1
0
0
0
4
0
0
0
0
4
3
1
0
6
0
0
0
1
0
0
7
0
0
3
0
0
10
3
0
1
0
2
33
13
1
0
0
0
0
0
0
0
1
0
0
3
0
0
0
0
0
79
17
0
0
3
0
0
0
0
0
0
0
11
2
0
7
0
0
0
0
0
0
5
0
1
0
0
22
0
0
1
0
213
8
41
3
1
0
0
0
0
0
9
4
0
4
0
44
1
0
0
0
2
0
2
14
0
5
10
0
2
0
0
1
0
0
0
0
0
0
1
7
0
0
44
0
2
0
0
0
0
2154
1
0
52
0
17
559
0
186
0
2
5
549
1
512
530
0
0
0
0
0
0
15
0
3
0
1
3
0
0
3
0
0
0
0
3
0
0
0
3
1
0
2
16
0
0
0
3
0
0
0
0
0
0
17
0
43
4
38
0
17
0
2
0
17
2
3015
13
1186
0
0
0
56
5
0
4
0
4
9
2
0
13
6
0
0
0
0
0
0
2
13
24
13
7
2
0
1
1
1
183
12
0
6
1
58
0
0
0
0
0
0
25
0
0
0
3
0
615
153
0
0
0
2
1
0
0
0
13
0
0
0
163
0
19
208
46
0
23
71
0
12
4
0
1
127
0
71
0
0
10
25
2
0
2
15
0
9
3
0
3
1
0
0
0
0
0
8
28
0
0
0
0
0
15
1
686
109
0
1
0
2
12
0
0
0
0
0
0
0
0
8
1
202
83
32
163
0
42
70
2
17
2
2
0
0
1
0
0
0
0
0
0
0
11
0
0
0
0
0
0
0
2
512
2
114
1
2
0
1
0
168
82
1
34
52
2
0
1
0
0
0
0
2
0
0
2
0
0
9
0
1
2
4
4
51
0
58
3
0
0
9
4
0
558
22
0
77
18
0
135
0
32
0
15
7
917
0
120
16
0
7
89
1
42
5
0
1
1
0
1
5
0
0
0
0
6
0
2
0
0
1
0
0
2
0
0
1
1
0
7
0
2
47
14
0
3
0
0
0
1
0
0
0
0
0
0
0
0
0
0
21
18
0
3
0
13
0
0
6
0
3
0
0
0
7
0
0
0
0
1
0
46
2
0
0
0
0
2
1
3
14
17
1
26
16
1
484
3
0
1
171
0
0
0
0
471
48
0
0
0
0
0
1
0
0
0
0
4
0
10
3
1
25
0
2
3
0
2
1
60
0
0
0
16
0
0
0
0
0
0
0
0
0
0
0
0
0
0
0
0
0
0
1
7
0
7
7
20
0
2
0
0
0
0
0
5
0
0
0
0
0
1
0
0
0
0
0
0
0
118
2
0
0
0
0
1
0
5
0
0
1
0
1
0
0
0
0
0
1
0
0
0
0
0
6
0
0
2
0
0
11
0
2
0
0
0
0
0
0
0
0
0
3
2
69
22
4
13
0
0
0
0
2
0
2
0
9
1
1
1
0
2
0
2
0
0
0
3
0
7
0
0
0
0
0
1
6
0
0
0
3
0
1
29
0
19
16
0
11
0
3
4
0
0
0
99
0
0
0
0
0
0
0
27
1
0
0
0
2
1
0
0
0
2
14
0
0
0
0
24
0
14
0
0
0
0
0
0
0
0
2
0
21
7
5
0
0
33
0
0
0
0
0
0
0
0
4
0
0
63
0
0
0
0
0
2
6
0
2
0
1
0
0
61
0
1
0
0
0
0
0
0
0
10
0
0
0
8
4
4
1
1
0
0
0
0
0
3
86
0
0
0
0
1
0
0
12
1
0
0
0
328
0
12
0
0
0
0
0
0
0
2
0
1
1
0
0
0
0
0
0
0
5
0
0
1
13
0
0
0
0
2
0
0
0
0
0
0
0
1
1
0
0
0
0
0
0
0
0
0
0
0
0
0
0
0
0
0
0
0
2
0
0
3
0
2
4
0
87
0
42
0
0
0
19
0
0
0
0
0
0
0
5
5
0
2
0
0
0
7
0
1
0
0
2
0
0
2
0
0
40
0
0
0
0
0
0
0
0
33
0
2
0
0
628
0
0
6
9
0
1
5
0
0
1
0
7
0
14
0
19
0
0
1
0
79
0
0
1
0
0
0
15
3
0
0
0
1
233
19
0
0
10
0
7
2
47
3
19
3
2
0
7
3
2
1
0
0
73
0
13
1
0
1
2
31
5
5
0
297
46
5
115
15
9
0
9
0
2
2
1
0
3
18
2
0
5
12
0
3
3
9
0
5
8
19
0
46
1
12
0
0
183
7
0
230
3
0
49
4
2
0
20
1
0
0
29
3
8
11
0
1
0
51
9
3
0
2
0
2
8
3
0
1
1
1
0
2
6
1
0
2
0
1
1
0
0
1
12
15
13
3
188
764
0
1
29
2
4
1
31
15
4
0
0
0
1
2
0
16
0
0
0
0
0
0
0
0
0
2
0
3
1
0
11
0
177
12
79
0
0
7
0
0
2
2
6
3
5
10
0
0
4
0
0
30
2
1
22
0
0
123
33
2
2
95
0
2
17
0
0
29
0
112
7
5
0
0
0
3
27
313
2
0
25
5
0
1
9
13
11
9
31
13
36
0
0
1
4
33
24
1
17
3
4
0
1
5
4
24
13
7
0
1
0
0
0
1
1
0
0
0
0
0
0
0
6
0
17
4
1
0
9
16
21
2
0
19
19
1
4
1
0
3
0
2
0
0
0
1
3
0
0
6
0
2
8
0
4
0
2
5
3
0
1
3
24
0
0
0
0
1
1
0
0
0
0
0
0
0
0
0
253
25
0
7
0
27
29
1
0
0
8
6
0
114
73
0
8
12
1
0
0
1
1
0
0
0
0
0
0
0
0
32
0
1
0
1
212
0
91
1
24
590
0
0
6
0
0
0
0
0
1
0
67
0
43
0
20
11
0
575
5
0
152
37
99
85
0
0
7
1
0
4
0
0
0
4
0
1
12
0
2
53
50
0
19
2
1
3
2
15
0
0
9
0
2
5
260
93
0
93
24
2
124
0
2
1
0
5
0
1
3
0
0
2
0
0
2
3
0
0
0
3
1
0
1
18
2275
105
59
685
0
1
29
140
134
66
38
0
0
10
7
590
0
2
5
0
0
189
5
0
0
6
131
0
33
0
0
0
4
0
10
3
0
137
133
4
6
127
0
31
0
2
2
0
0
1
0
2
41
0
0
686
563
0
362
7
432
97
26
7
1
2
1
0
58
0
6
3
11
32
118
17
48
1
4
2
7
11
2
1
11
256
16
1
6
2
43
0
13
5
24
37
0
134
6
2
0
10
2
0
0
10
0
0
36
0
24
7
0
2
18
3
5
0
1
3
288
0
1514
0
0
13
1
23
6
0
0
16
14
1
49
22
2
0
5
3
0
43
2
0
4
0
5
0
19
633
256
0
0
47
2
11
1
1
13
20
0
11
0
0
0
0
76
6
0
11
0
4
1
6
0
110
19
7
0
0
1
36
2
3
76
0
7
1
1
0
10
0
21
0
4
2
4
36
16
0
6
0
16
0
0
0
275
88
0
3
4
0
0
0
0
0
0
0
65
0
0
23
1
0
0
0
0
0
2
1
0
0
0
12
1
0
0
1
0
2
0
9
0
0
0
0
0
1
6
0
1
39
0
0
0
0
0
0
5
0
2
1
0
0
0
5
3
2
15
0
1
0
0
0
2
17
0
0
5
588
0
0
777
0
0
20
0
283
3
94
29
14
0
9
2
2
2
0
1
20
1
41
17
2
15
14
1
2
13
6
17
14
0
0
7
13
18
0
1
0
0
0
0
0
0
4
7
0
37
44
22
22
9
0
37
0
2
3
3
0
0
10
0
3
17
0
3
0
0
0
0
0
0
11
0
0
0
0
0
42
0
0
3
453
1091
119
7
7
56
0
0
1
0
2
0
21
0
0
0
40
0
0
0
0
23
2
0
30
0
0
1
0
0
0
0
0
0
0
0
0
0
0
1
0
0
13
0
0
2
1
0
2
3
0
1
0
3
2
1
1
30
10
7
1
3
0
0
1
0
9
0
0
45
258
0
2
0
1
0
2
3
5
12
5
0
0
32
0
245
18
1
3
36
13
24
2
0
1
11
2
0
4
0
1
3
10
1
93
3
9
0
1
0
1
1
2
23
0
4
2
0
516
5
19
0
108
6
0
2
44
0
0
2
10
0
0
6
3
0
0
6
17
0
13
0
188
2
14
0
1
1
19
0
16
40
7
41
1
0
26
23
6
1
0
18
8
4
127
13
0
19
118
0
0
20
1
7
8
7
5
2
4
2
44
61
2
12
24
2
8
0
80
0
6
0
10
4
0
12
6
3
16
46
6
3
1
5
2
0
141
23
0
1
0
13
60
0
2
1
4
0
0
0
1
8
0
0
5
8
4
1
41
16
6
13
34
2
12
1
10
1
0
0
0
0
3
29
0
0
0
0
4
48
2
0
0
0
0
0
0
0
1
2
0
6
61
3
0
0
3
1
1
0
0
0
0
0
0
0
2
0
0
0
1
1
174
3
22
0
1
0
2
9
1
1
371
10
1
1
0
0
1
2
0
3
1
11
0
0
1
1
4
3
3
0
0
0
24
598
219
0
0
36
0
18
4
11
7
20
9
2
35
0
44
3
13
0
13
1
0
3
5
5
0
1
65
1
6
1
1
0
0
0
0
0
0
17
0
6
1
1
1
2
0
7
4
1
0
0
0
0
1
0
0
0
2
2
2
0
0
0
72
0
14
0
0
2
1
0
0
0
0
0
0
7
71
0
3
25
39
0
0
0
0
0
0
0
0
0
13
0
0
0
28
0
1
0
0
1
0
8
2
0
0
0
0
23
0
0
0
0
0
3
1
0
0
0
1
0
9
8
3
4
0
0
0
0
0
10
0
0
0
0
0
0
0
0
0
11
0
0
0
27
0
6
1
0
0
0
3
0
37
0
1
0
0
0
0
5
0
11
1
0
0
0
0
64
0
0
9
0
73
10
7
29
1
25
59
0
0
0
0
32
0
3
46
0
20
6
2
9
6
0
1
0
0
0
0
0
0
0
0
0
3
0
0
0
0
0
5
0
1
0
8
0
0
39
0
1
0
0
12
0
0
0
0
0
0
0
0
0
19
13
0
2
0
0
0
0
0
6
0
0
2
181
0
0
4
0
25
0
3
50
3
0
0
18
0
0
0
0
1
0
0
0
0
0
0
1
3
0
5
0
0
0
0
135
0
2
0
0
0
0
0
0
1
0
0
0
0
0
25
0
6
0
2
0
0
0
0
0
253
33
0
0
0
6
2
49
0
19
0
0
0
0
67
0
1
0
0
0
0
0
0
0
0
0
1
0
0
0
1
0
2
5
0
0
148
0
18
78
0
0
0
0
10
1
4
46
0
24
0
6
0
0
0
4
0
0
6
0
0
0
0
10
0
0
0
0
1
0
0
0
0
0
0
0
0
0
1
0
0
0
0
0
0
24
134
0
2
0
0
1
0
0
0
0
0
6
0
11
0
0
1
3
0
21
0
22
0
169
0
0
0
50
0
0
8
0
6
32
0
3
0
0
0
0
0
0
0
10
0
0
81
2
25
0
42
0
0
0
0
0
0
0
0
0
0
0
0
0
0
22
0
0
0
2
0
0
0
0
0
0
0
0
4
0
10
0
10
1
2
0
53
0
0
6
0
0
4
15
69
0
0
0
141
0
38
3
0
0
11
0
6
125
0
96
11
0
0
0
0
767
0
20
0
1
0
0
0
27
0
0
26
3
0
0
0
1
0
0
0
0
0
235
0
0
1
0
0
3
0
2
0
5
0
9
0
0
0
0
0
0
0
70
15
3
27
0
0
0
0
0
24
2
4
0
0
0
993
1
1
0
0
1
2
0
0
0
0
0
0
0
0
15
57
0
0
3
0
1
0
0
15
0
1
0
0
0
0
2
0
4
0
0
0
0
0
0
0
0
158
0
0
6
0
0
40
0
1
0
0
0
2
0
0
0
1
1
0
17
0
12
0
1
0
1
0
0
0
0
0
0
0
0
0
0
0
0
1
0
1
0
0
0
0
0
0
0
0
0
0
0
0
4
0
1
0
1
0
0
3
26
1
0
0
44
1
0
1
0
1
2
67
3
0
0
0
0
0
0
0
0
38
7
0
0
0
0
0
0
0
373
0
0
0
0
0
0
0
3
0
252
18
29
0
1
0
2
0
0
0
0
0
18
0
0
0
0
303
1
0
0
119
21
13
0
1
446
0
0
0
8
0
0
0
1
0
5
1
0
0
0
0
0
0
0
0
4
0
0
0
0
0
0
1
0
0
1
0
1
0
0
0
0
0
0
0
9
102
0
572
0
0
0
0
0
0
0
1
0
0
0
0
0
0
0
1
0
7
0
2
0
0
0
13
0
0
1
0
0
0
0
28
1
0
0
0
0
0
0
5
0
4
0
0
1
2
0
2
0
0
1
0
5
0
4
0
0
0
0
0
0
0
0
0
7
2
129
26
0
0
0
2
0
0
0
0
0
0
0
1
0
30
1
0
0
0
0
0
0
0
0
0
2
0
0
0
7213
9
0
4
286
0
0
0
0
0
0
0
0
6
0
1
0
2
0
0
2
3
0
13
0
0
0
0
1
0
8
0
4
1
0
0
0
0
12
0
10
0
2
0
0
0
0
0
0
0
0
0
0
2
1
17
0
10
4
0
2
1
0
0
0
0
12
1
0
0
75
0
2
1
0
0
0
0
2
0
0
0
4
0
0
0
0
1
28
0
11
0
0
10
0
3
0
0
0
0
2
0
0
0
0
0
9
1
1
0
0
6
0
27
0
11
2
0
0
0
0
0
0
2
0
0
0
0
0
111
0
68
0
0
1
0
0
0
0
0
1
0
0
0
0
0
0
18
0
1
0
0
0
0
0
11
1
4
1
0
1
0
0
0
0
1
0
1
0
0
0
0
0
0
0
0
0
0
693
18
3
1
3
1
0
3
0
0
0
0
0
1
0
0
13
30
0
21
0
4
0
1
13
1
5
0
1
0
0
0
111
1
2
1
0
1
0
6
0
1
0
0
0
4
0
1
0
0
1
1
0
0
18
1
0
0
0
0
0
7
323
28
255
8
20
0
0
0
0
0
0
0
0
0
101
0
0
0
0
9
0
5
0
1
184
0
42
0
0
0
3
0
0
0
0
0
0
131
0
0
0
0
18
0
0
1
0
0
0
5
0
0
0
0
0
0
1
0
0
0
0
0
0
0
0
0
3
0
0
20
0
0
0
0
0
0
0
0
1
15
2
0
2
0
0
0
1
0
0
0
8
2
0
0
2
0
0
0
0
0
0
0
0
0
0
0
4
1
1
0
4
0
1
0
0
0
1
0
0
0
0
1
1
28
21
0
0
0
0
142
1
85
0
3
13
0
0
0
1
0
2
0
0
6
0
0
0
0
0
0
0
0
1103
0
27
1
0
0
3
1
0
0
7
0
4
1
1
0
1
132
0
0
0
8
0
5
0
0
0
0
2
0
0
0
7
17
1
1
0
0
0
91
1
22
515
0
0
0
116
1
0
1
5
22
0
0
0
2
0
0
0
0
0
0
0
0
0
0
0
0
0
0
1
0
0
0
0
0
0
0
0
0
10
2
0
0
6
0
0
0
7
0
1
88
1
15
0
0
2
0
9
0
7
4
0
0
0
1
0
2
0
2
0
4
0
0
0
0
0
0
1
0
0
2
0
0
0
0
0
0
5
0
0
0
0
0
4
0
0
0
13
0
0
0
0
0
29
0
0
5
0
9
1
0
0
1
0
26
0
0
1199
0
156
270
0
0
235
0
99
2
0
0
41
6
0
0
2
0
10
0
0
1
0
1
0
0
0
0
0
0
0
0
2
0
12
0
1
0
0
0
10
1
0
0
0
0
0
0
0
0
63
0
0
0
4
0
0
4
0
1
0
0
1
3
0
1
0
0
0
0
0
0
0
2
0
2
0
0
0
0
0
0
0
9
1
5
0
0
0
0
0
0
7
0
4
0
4
8
0
0
1
0
0
0
0
0
15
0
2
1
1
0
0
0
0
0
0
12
1
26
0
5
0
0
0
0
0
0
0
0
0
0
0
1
0
1
3
3
1
0
0
0
0
0
8
18
0
0
31
0
0
6
0
251
1
147
0
0
0
0
4
0
0
0
0
0
0
11
0
1
0
74
3
8
73
0
0
0
0
112
0
0
1
3
0
0
0
0
0
1
0
0
0
2
2
0
0
0
0
2
22
9
0
0
16
495
0
7
25
0
0
4
0
0
0
0
3
0
0
0
0
0
0
0
0
0
1
17
0
9
0
1
1
0
7
0
0
0
0
0
0
0
0
0
2
0
0
2
0
3
0
0
0
0
0
14
0
1
0
1
0
0
0
0
0
11
0
0
0
252
28
0
874
0
18
1
6
0
0
0
0
1
5
1
0
0
0
4
276
25
0
16
0
3
0
0
0
587
23
0
1
158
0
0
0
0
0
0
0
1
0
0
0
0
0
3
0
0
0
11
1
0
0
0
0
0
0
0
0
1
7
23
0
10
25
1
0
0
0
0
0
0
3
3
0
0
3
0
1
0
0
0
0
0
0
0
0
0
0
0
0
0
0
0
0
