Build Time: 60.6458ms, Count Time: 983.6974ms, Total Time: 1.0443432s, Heap Usage: 82121312
1
0
1
2
833
87
1
3
5
26
0
0
136
0
2
21
2
2
965
505
3
0
1
7
1
2
3
26
17
0
0
1
3
52
0
1
111
0
6
0
2
5
0
1
2
28
1
354
0
7
0
18
0
6
45
0
45
0
3
4
0
133
0
1
1
6
155
3
24
44
2
0
28
181
3
2
0
4
1
0
30
4
0
2
6
2
78
0
93
2
1
9
117
8
0
0
54
0
3
0
3
19
0
0
12
1
1
0
0
6
515
50
3
0
0
0
84
225
916
4
9
2
0
0
0
8
1
1
0
0
6
0
126
0
585
4
181
7
96
19
0
1
1
0
0
56
1
1059
4
3
0
0
3
102
3
0
0
0
0
5
11
51
0
1
240
1
817
3
0
4
0
12
0
1
6
0
0
196
0
59
0
55
0
0
1
4
1
0
0
0
551
1
60
0
3
0
7
28
0
0
6
3
1
0
1
7
4
5
0
54
249
0
10
0
131
33
18
1
880
80
2
3
1
0
104
36
2
51
9
748
0
0
0
0
15
44
32
0
2
0
19
2
0
0
1
18
0
748
1
0
0
3
0
1
137
0
16
0
0
1
0
1
0
168
193
0
1
0
21
33
0
0
0
1
7
0
2
2
0
0
13
0
0
160
25
0
0
115
0
4
0
0
0
2
15
0
0
0
1
24
195
74
1
0
1
0
1
4
16
1
0
0
0
7
41
3
11
243
16
0
2
8
3
270
1
4
0
22
0
1
0
7
1
21
31
2
0
0
289
2
9
1
260
0
0
0
9
2
1
4
5
33
15
12
9
0
1
0
2
13
0
18
79
1
17
0
1
485
31
0
0
1
56
0
0
49
0
0
24
16
278
0
0
1
0
1
950
20
0
0
46
4
3
1
2
0
26
0
0
0
28
0
214
1
11
2
3
1
2
0
66
0
0
1
72
2
0
9
2
0
0
385
6
0
0
0
1
21
0
0
14
8
1
0
9
0
6
0
35
0
12
2719
0
506
0
0
0
0
0
24
0
100
42
43
6
0
1
0
0
0
34
34
127
0
1
3885
0
0
206
0
0
0
3
1
1
7
0
0
6
0
4
0
13
0
3
26
6
0
6
1
2
41
0
21
0
11
2
21237
17
18
84
0
2
10
0
0
0
122
2
0
0
221
0
0
17
4
36
0
0
0
0
0
58
2
382
0
0
4
0
0
2
0
1
26
3
0
3
6
32
34
0
27
196
4
0
24
0
40
0
47
0
0
0
60
73
0
6
0
5
86
11
6
2
397
10
2
0
3
41
6
126
2
5
0
0
0
19
3
0
1946
7
0
12
0
82
0
1
0
0
21
0
365
0
1
1
0
13
14
15
927
0
0
37
1
0
0
1
0
16
2
0
2
0
419
27
0
0
0
4
5
1
0
2
107
0
0
1
10
0
0
4
0
544
18
11
219
0
96
26
0
1
1
13
5
0
2
2
41
1
22
162
0
2
5
0
56
0
79
6
3
6
2
0
1
17
0
2665
7
0
10
0
11
0
1
8
11
334
7
15
1
6
2
0
0
0
3
41
241
8
0
0
7
2
0
0
0
17
0
3
0
260
8
2
429
0
1
0
4
0
4
0
0
31
0
767
171
6
0
0
8
0
100
0
0
6
46
11
1106
3
43
1
1
7
0
0
0
110
4
1
4
2
0
0
0
27
2
6
177
2
0
3
7
64
11
2
0
13
55
0
0
8
4
2
6
0
22
0
251
0
168
6
0
2
0
0
0
11
0
7
5
15
0
36
0
0
1
16
0
2
2
2259
11
1
1
150
24
35
0
57
0
0
0
0
10
0
0
0
1
1
0
3
62
0
0
1
3
18
6
7
43
0
0
41
11
0
3
2
0
3
49
8
3
885
13
2
1
4
13
61
0
0
50
390
0
159
16
3
4
2
0
1
5
0
10
3
55
0
6
1
2
3
0
4
763
29
2
0
0
1
1
5
13
0
0
0
0
0
2
0
0
0
0
19
24
14
0
1
34
0
7
4
1
120
0
0
14
1
1
53
0
0
0
0
686
0
15
35
2
1
3
0
1
0
38
1
0
0
4
3
16
3
142
2
0
0
2
2
126
3
71
8
1
1
5
0
5
1380
0
0
1
0
2
3
0
9
7
0
0
0
0
35
0
212
0
0
506
0
3
18
0
45
0
8
67
0
469
22
4
0
0
217
0
0
26
1
46
69
52
18
0
0
0
205
0
2
2
4
0
31
0
1
9
0
475
1
1
0
9
7
0
6
1
13
33
39
71
39
44
1
0
3
4
8
1
0
1
15
3
0
0
1
4
1
1
0
62
1
3
0
21
4
0
5
2
46
5
37
0
1
1
1
6
2
14
10
0
62
0
2
28
38
3
29
1
4
2
0
8
0
0
10
0
4
0
4
0
1
0
2
648
0
955
1
5
2931
0
30
0
2
5
1
137
0
14
1
8
15
15
0
70
9
5
8
0
2227
0
18
0
1
8
4
0
33
0
0
0
0
69
13
0
69
74
0
0
10
944
1582
0
2
23
1
0
4
0
94
153
0
20
0
0
22
0
0
4
0
154
47
0
1
0
19
51
0
260
12
191
221
0
0
148
0
3
2
14
1450
1
0
18
4
0
15
356
0
8
8
0
3
0
2
20
6
0
241
0
0
2
5
1
0
0
0
988
2
3
22
7
0
1
12
40
2
0
1
0
4
0
0
3
2
0
32
4
36
783
0
4
3
1
2
0
134
1
0
3
12
222
4
0
0
376
4
0
21
0
1
0
37
6
3
1
0
0
0
6
0
15
79
0
3
15
0
9464
0
0
0
35
438
13
159
13
0
0
0
0
2
38
166
33
3
0
0
61
102
0
0
35
0
3
0
0
3
0
0
46
35137
0
4
0
0
521
0
3
1
0
0
0
0
1
5
2
0
0
0
5
0
0
1
3
3
7
2
45
0
0
1
51
0
2
6
0
0
22
0
0
0
38
1
3
36
0
0
10
0
4
1
0
17
10
1156
2
7
10
91
230
0
0
1
1
0
5
10
4
20
23
1
0
0
459
652
7
35
0
23
0
7
320
0
0
0
0
1
8
1
0
0
2
18
7
2
56
0
0
0
0
23
5
4
4
166
19
0
0
11
0
1
32
1
139
0
3
0
1545
0
0
0
0
1
1
0
0
0
50
2
6
32
270
1
0
69
21
45
0
13
1
30
476
1
16
1
69
0
1
12
1449
1
0
0
23
74
1
3
0
0
7
14
1134
4
2
0
0
2
0
1
1
11
0
0
0
1
2
4
0
1
0
103
0
0
14
0
3
7
71
2
0
2
17
1
0
3
1
9
0
0
42
1
0
0
0
4
0
2
801
0
414
0
2
13
0
77
5
33
3
0
2
4
0
0
0
3
10
25
0
53
3
1935
0
0
64
8
6
211
0
1
0
14
0
321
0
26
2
0
817
1
272
71
13
109
0
6
7
6
37
0
0
10
0
0
8
3481
5
11
0
1
9
0
5
0
1
31
0
9
235
1101
0
0
73
2
85
0
0
0
0
2
45
0
0
3
674
0
3
0
8
0
20
0
1
0
1
16
6
0
1
7
1
0
12
0
384
4
1
40
158
0
0
0
11
0
1
456
25
596
1
10
34
0
23
0
1
0
1
15
0
0
340
3
1
2
3
0
6
2
0
0
20
2
34
83
0
0
0
42
152
3
0
0
25
10
1
4
1
0
0
0
3
0
0
0
127
0
7
2
1
29
0
279
12
1
23
0
5
0
0
2
0
54
2
0
0
11
0
95
9
6
0
0
0
40
0
0
1
0
13
235
4
719
1
9
2
1
14
17
61
1
2
135
230
2
11
0
0
0
0
19
1
43
6
0
1
3
2
1
1
80
42
1
0
0
4
0
312
0
1
1
0
1
0
0
0
0
89
530
0
1
16
2
56
64
0
0
8
2
1
2
0
0
50
0
33
31
0
10
0
2
3
100
13
2
1
0
16
0
0
211
0
149
0
2
1
0
0
0
17
3
1
2
40
0
7
0
0
6
0
1
0
0
0
126
0
4
0
22
0
7
19
0
0
2
10
5
0
41
12
0
0
553
0
50
33
10
0
0
0
1
0
0
24
774
0
6
0
0
0
0
1
2
29
64
0
8
191
26
0
2
0
25
0
2
57
2806
0
3
0
1
12
94
0
4
0
0
0
2
22
2101
41
31
4
0
41
174
349
334
3
0
8
14
1
6
143
3
0
18
0
28
0
0
19
0
1
6
1
0
0
0
5
5
1
1
0
3
1
21
0
1
4
27
98
5
14
1
9
33
0
16
0
0
1
12
15
0
5
0
1
5
2
6435
0
9
5
0
0
2
0
52
4
1
0
2
783
1
348
0
0
233
301
0
32
0
0
48
163
940
8
24
13
0
2
14
1
0
0
11
4
3
0
1
0
9
50
269
4
0
5
0
13
0
1
1057
1
3
0
0
1
0
0
1
49
32
968
2
1256
77
2
4
0
0
2
2
3
3
8
0
10
29
6
0
4
0
4
21
0
17
0
0
3
2
0
1
0
0
75
0
2
225
4
46
8
2
98
127
0
0
20
1
0
0
0
15
0
0
8
0
12
3
1
5
0
8
0
7
0
0
5
0
0
2
2
0
38
2
3
60
1
2
8
34
6
0
12
12
0
499
125
0
0
0
0
5
11
56
0
0
0
0
260
268
53
5
142
1
0
17
0
0
0
73
0
0
0
7
0
0
0
0
1
234
0
3
959
0
13
2
2
0
2
0
3
24
0
2
2
3
0
6
0
2
0
2
149
0
19
0
0
0
7
4
0
0
39
0
39
1
2
0
61
4
64
0
123
50
0
0
39
1
0
146
5
47
1
7
110
49
18
14
1
0
4
0
3
7
15
0
1
1
30
0
0
0
0
0
24
0
6
0
0
2
0
0
0
0
14
4
198
2
0
5
0
0
148
1
0
11
0
3
0
0
0
10
3
41
9
1
0
0
0
0
0
16
0
36
1
0
0
4
6
122
9
0
4
2
1679
0
1
2
129
1
0
0
136
71
1
0
0
0
0
20
2
0
1
0
0
4
0
0
651
38
0
6
0
4
0
0
0
5
2
0
2
8332
0
7
0
0
26
0
58
11
0
47
8
0
4
0
19
0
10
190
0
0
0
2
0
0
4
0
0
0
12
0
13
4
0
12
2
5
10
0
0
2
1
1
6
11
5
17
378
1
15
1
0
0
2
21
3
0
0
5
0
0
0
14
0
53
0
0
0
0
0
5
6
0
0
1
1
1
21
200
186
2
193
170
25
0
0
0
20
1
2
174
1
884
0
0
1
1
520
15
0
0
151
4
2
1
72
3
0
16
26
0
0
2
0
344
7
0
0
0
0
0
1
9
1
2
0
0
0
19
0
0
0
1
102
0
0
0
25
0
4
31
2
0
1
8
280
0
2
12
5
631
61
9
1705
47
1
0
0
0
1
218
23
7
1
0
16
0
0
0
364
4517
21
2
0
0
0
11
0
7
103
0
37
0
146
2
1
24
340
0
235
1002
0
0
6
2
160
0
1
3
3
43
26
0
0
0
112
7
1467
0
1
3
0
0
0
8
144
3
3
22
1
43
3
5
3
0
11
0
0
12
9
2
213
3
5
0
7
252
55
16
329
2
8
0
31
0
0
2
1
6
6
250
0
1
0
18
1
38
184
0
0
935
4
4
533
0
1
0
297
0
0
0
0
13
0
5
0
1
17
4
32
0
2
0
0
19
0
4
11
786
6
1
9
0
11
0
0
0
0
0
4
6
35
0
0
0
0
62
78
0
32
1
4
1
2
0
1384
0
6
0
0
89
12
1
0
27
0
77
1549
98
22
0
6
0
5
0
6
7
0
678
0
6
0
0
14
0
1
0
6
0
2
41
3
37
0
3105
2
11
2
1
1162
621
0
0
0
1901
0
1
0
220
2
2
62
0
0
236
5
160
11
0
9
5
3
14
0
2
0
1352
0
44
0
0
6
3
1
7
0
0
2
0
0
14
13
0
101
0
43
6
0
0
0
2
3
0
0
42
0
4
0
2
0
4
4
2
0
75
0
13
0
12
4
17
536
159
17
1
0
325
6
24
24
4
12
2
1
54
15
0
59
4
12
0
2
494
17
6
44
0
0
3
9
0
3
0
0
0
0
0
362
1
10
0
2
465
8
0
6
2
3
1
4668
0
3
216
0
0
0
3
1
5
4
223
0
126
0
58
5
0
1
4
6
0
2
1
7
0
2
1
15
0
6
4
0
8
12
0
85
1
5
1
6
0
47
16
17
0
9
20
1
10
7
1
0
0
3
1961
3
0
231
0
102
0
0
104
4
0
31
0
1
0
0
0
0
1
2
1
0
0
40
12
2
0
0
0
7
1
3
0
1
5
0
5
33
5
2
1
30
11
0
0
0
9
215
17
26
1
0
66
9
4
56
1
3
0
0
565
8
1
9
0
0
1
11
0
0
6
0
530
0
10
1
90
0
19
1
8
5
70
80
1
3
0
2
0
0
32
2
0
0
13
61
1754
0
12
315
0
42
460
105
44
25
362
96
0
0
0
7
0
12
3
9
0
0
3
0
12
4
15
0
1935
9
24
0
0
4
10
17
1
3
9
19
8
0
1
0
0
2
5
0
3
0
0
4
3
0
0
15
0
98
24
29
2
0
147
22
88
9
495
0
7
0
16
1
0
32
0
0
10
0
0
21
15
4
38
1
13
1
1
0
4
139
0
0
1
265
0
0
10
3
1
16
1
0
0
124
2
325
0
5
0
0
0
2
0
36
0
52
0
0
1
128
0
3
26
5
22
0
319
0
0
0
7
2
16
0
0
1
2
5
3
0
34
0
1
0
4
1157
5
0
1
2
0
1
9
0
0
3
0
1
26
57
21
0
0
1
0
0
19
0
0
13
0
16
91
0
0
0
2
0
7
1
0
10
12
1
0
0
0
2
0
2
1
0
6
0
146
0
77
0
0
0
6
2
0
5
2
0
2
5
4
27
15
0
0
2
87
0
2
13
3
10
21
9
21
4
16
28
0
1
0
16
0
3
0
0
2743
6
0
2
6
0
7
3
0
1
3
12
38
8
5
112
4
0
1
13
17
33
0
17
5
0
1
0
5
20
38
0
0
0
26
1
1
0
44
1
1
1
1
0
67
5
0
118
69
27
15
22
34
0
4
36
2
25
2
6
15
0
0
0
0
1
2
0
107
46
23
28
5
838
1
0
0
0
20
1
100
46
1
4
33
15
11
3
0
11
1
0
2
3
0
8
12
1
2
594
0
79
1
0
755
2
0
1
18
6
66
3
1
0
0
1
0
7
0
14
10
1
5
0
59
0
9
0
0
6
2
0
0
206
9
1096
1
4
0
0
30
6
1
0
69
0
0
0
11
5
3
5
18
0
1
197
0
318
0
0
0
1593
0
0
0
10
0
0
135
1
45
0
0
5
19
13
0
3
0
68
12
0
0
14
202
186
9
0
24
1
0
6
16
0
0
1606
599
0
41
1
0
14
10
70
112
13
0
18
21
1
0
0
4
346
12
20
2
0
0
2
18
15
0
0
2
55
6
0
0
0
36
22
2
1
0
1
1
70
0
0
244
7
3
46
0
1
0
1
57
0
0
0
5628
0
25
1
0
0
0
3
0
0
0
1
18
35
2
0
3303
0
173
178
0
1
0
1
12
0
84
27
11
9
0
4
6
2
126
86
0
247
35
17
3
55
0
14
1
2
19
0
1
3
0
23
0
139
59
0
72
2
26
7
3
32
66
42
0
9
0
0
5
0
0
0
5
0
1
0
0
1529
5
169
24
0
0
0
2
4
33
17
26
0
33
2
0
0
6
5
0
0
7
53
0
227
0
1
0
0
7
96
2
4
1
0
0
0
0
1
54
0
0
0
7
0
551
2
1
0
0
4
37
0
21
1
0
183
59
0
0
0
0
1
1
0
0
55
100
2
1
14
12
19
143
0
9
0
8
0
0
0
1
86
0
4
177
0
1
0
0
290
0
86
1
0
0
169
0
0
1
0
0
1
36
2
1
11
0
26
103
0
0
14
0
15
2
1
136
1
0
0
16
0
11
4
30
3
68
6
6
10
0
2
2
24
1
0
2
0
3
49
0
0
7
0
2
525
0
0
1
2
131
3
0
6
4
19
0
2
67
25
0
12
27
0
5
0
0
34
0
0
0
100
0
0
0
0
12
0
0
0
5
26
7
27
0
371
0
0
52
0
0
0
0
0
36
3
1
0
10
0
0
0
41
7
112
0
11
0
0
0
3
82
0
0
2274
0
0
0
62
0
23
2
21
0
9
110
0
6
0
18
144
0
1
0
9
6
0
0
23
1704
0
7
0
1
0
0
6
32
0
3
3632
17
0
0
0
21
108
38
4
1
0
3
0
9
0
0
1
1
0
9
27
512
0
7
0
1
17
0
51
5
1664
0
0
1
31
0
1
10
1
8
264
0
206
28
0
1
10
1
3
0
1
0
1
0
9
0
0
0
0
0
1
1
10
0
3
0
19
233
3
0
0
25
0
0
7
1
4
0
445
2
32
1
4
0
0
2
19
1
0
4
61
60
3
1
1
1
1
0
0
79
0
0
1
4
9
9
4
1
4058
0
1
19
4
0
4
182
181
578
0
1
1
89
0
0
4
2
21
0
14
0
11
2
4
15
0
6
18
82
0
0
42
0
0
1
0
2
0
0
0
0
0
1
0
2
1
0
5
900
39
0
2
1005
150
0
5
353
462
0
101
7
0
0
64
61
0
2
0
49
9
0
444
27
723
9
0
0
0
0
0
245
0
164
0
1
11
1
562
0
0
0
0
0
0
0
0
6
0
0
0
0
0
0
0
0
1
0
828
1
0
0
0
117
0
0
0
0
0
12
0
0
0
3
0
15
0
9
9
6
76
141
1
1
0
0
0
239
255
0
7
373
0
297
8
2
2
0
0
1
10
22
0
0
6
0
104
11
0
0
391
40
30
2
4
0
0
0
4
6
0
2
9
4009
7
0
2851
0
676
1
70
0
201
4
4
2
1
109
0
70
16
0
1517
0
4
1
0
66
3
43
2
11
0
2
0
2
38
0
5
0
0
21
10
23
0
0
16
0
0
0
0
0
0
2
0
0
0
61
2
8
0
0
215
2
0
1
0
0
0
3
0
771
27
0
0
118
0
1
19
2
204
0
0
90
0
0
0
3
0
0
270
0
0
0
0
29
100
57
33
0
3
0
62
0
83
16
0
56
0
1
0
56
3
2
0
2
0
0
1
10
0
9
21
0
26
161
14
33
8
0
1
0
0
0
4
0
1
0
2
0
4
0
1
9
2
13
10
5
0
21
9
0
19
1
1
8
10
0
0
3
0
1
0
2
1
0
0
0
14
8
6
0
31
19
0
6
73
184
74
187
0
0
2
0
135
8
0
10
0
0
5
11
2
1
105
12
0
9
18
5
40
0
9
352
21
53
0
2
10
0
0
6
3
15
2
12
29
3
348
1
8
0
42
1
9
0
0
0
96
27
11
15
35
99
2
0
0
0
3
0
0
3
5
0
0
0
8
0
49
1
352
2
2
2
10
0
244
384
3
3
45
651
0
2
0
0
1
0
115
75
2
0
15
3
15
1
2
1
7
4
2
24
2
20
0
80
4
0
4
31
1
0
0
5
11
78
3
9
50
0
0
4
2
0
0
2
0
1
0
0
26
0
4
27
56
15
8
2
23
0
21
1
1
69
2
0
0
0
0
0
568
260
5
3
61
0
0
4
2
8
0
1
4
1
1
0
1
1
0
237
0
0
39
0
0
2
25
0
0
0
1
0
23
17
11
3
37
3
8
50
26
3
0
0
1282
6
7
4
0
30
181
12
0
18
0
0
2
0
19
0
0
0
0
1
4
4
3
0
2
7
0
0
0
26
3
30
6
0
34
0
132
8
12
1
3
0
103
15
6
6
3
473
4
31
22
0
3
188
8
44
4
0
0
0
1
0
6
10
1
0
2
0
0
0
1
1
23
3
26
66
37
2
45
164
0
2
0
0
71
9
4
0
1
4
152
0
231
35
0
3
1
0
2
0
1
0
13
3
17
13
1
2
74
13
0
2
0
1
2
2
0
0
4
1
1
0
4
0
57
2
1
0
0
0
0
0
44
0
1
39
33
0
95
0
4
1
3
4
0
0
695
0
0
0
0
1
45
0
0
0
82
27
947
0
0
4
2
0
2
0
0
0
2
486
48
0
89
73
82
34
2
1
0
3
195
0
15
1
3
1
30
0
86
0
1
2
0
0
5
0
0
0
0
67
0
7
2
0
0
168
1
305
0
0
2
108
0
78
0
0
6
64
2
0
28
6
26
0
0
8
2
6
20
0
0
11
0
0
1
0
0
2
5
5
42
0
2
0
36
2
1
17
7
845
76
1
451
0
23
2
0
14
2
0
0
0
4
2
0
0
0
0
0
2
38
4
8
4
2
1047
59
6
1
0
0
518
0
0
0
1
10
0
0
11
0
3
0
0
0
0
36
1
20
4
36
0
3
0
0
1
0
6
0
5
3
49
0
0
4
0
0
0
5
70
0
37
0
151
5
29
0
1
33
18
0
13
3
0
7
16
2
0
2
12
24
0
4
2
21
0
0
1357
177
62
3
287
16
3
1
0
110
1
0
44
1
13
0
1
4
0
415
3
0
5
32
14
0
1086
28
1
1
1
0
1
0
2
0
6
1
12
480
0
3
1
0
0
14
0
225
1
1
2
3
0
2
0
118
0
0
4
0
0
10
1
1
88
0
0
8
27
0
16
5
0
7
0
251
20
8
0
0
0
0
0
0
11
1
66
0
11
15
0
0
3
2
0
3
0
353
107
0
4
1
4
19
27
3
0
61
0
356
5
2
31
0
5
1
13
10
1
1
1
0
1
6
1
7
37
6
0
39
2
2
11
1230
6
0
1
19
4
7
0
0
0
0
0
0
28
21
0
325
0
5
0
1
13
2
14
2
1
1
56
40
0
0
2
61
76
325
0
1
12
142
5
0
3
21
0
10620
0
0
0
17
0
0
4
3
0
88
3
0
0
11
0
1
1
0
8
1
0
7
0
4
35
6
0
0
1
2801
0
2
0
3
3
0
0
0
2
1
1
0
7
314
1
2
27
0
17
0
7
2
0
16
5
0
0
3
0
0
0
30
1
7
6
3
31
0
5
44
24
1
0
2
1
2
1
50
65
7
1371
0
15
4
0
2
63
8
316
22
1
1
0
48
0
1
19
55
1
0
4
0
1
10
0
0
110
1
6
7
33
0
135
77
1
0
11
96
0
1
0
2
1
0
0
0
301
18
21
0
2
13
0
372
0
36
7
0
0
17
1
1
46
0
1
1
6
85
0
0
2
2
0
1398
0
6
0
51
0
2
1
58
3
3
11
33
0
11
0
29
0
0
1
1
56
6
5
0
8
2
0
1
1
1229
0
0
1
1
0
0
114
0
114
3
31
1
0
0
0
1
28
0
9
9
1
0
4
124
17
0
2
1
0
2088
0
49
3
2
22
0
4
1
64
0
10
3
11
404
0
0
1091
9
6
18
2
17
68
0
0
38
12
6
4
1
2
0
0
1
0
0
29
1
116
1
91
4
11
2
0
225
0
0
6
0
1
0
0
3
0
160
0
0
25
38
0
0
82
0
4
1
2
3
11
5
0
1
0
0
0
0
38
0
4
32
0
3
5
1
1
0
24
0
1096
8
1
2
0
0
0
2
0
0
0
329
0
4
5
24
15
17
0
81
0
7
0
0
5
2
2
4
1
0
376
10
1
138
1
1
0
0
0
13
8
3
25
0
179
7
42
0
0
3
3
3
158
9
36
2251
0
1
0
3
1
0
161
43
4
0
6
2
0
2
616
7
0
1
1
10
0
0
2
0
48
0
53
4
0
0
35
1
0
0
54
0
201
0
0
0
0
0
12
0
620
0
12
10
1
58
3
0
0
9
2
0
1
0
178
13
15
5
6
4
125
2
254
11
233
12
3
1
48
2
0
12
0
0
0
62
0
2
0
0
443
49
2
2
3
0
4
0
0
117
2
3
61
3
1
1
1
2
3
12
9
20
772
6
1
0
14
82
0
36
0
0
204
0
19
8
13
4
0
0
0
0
0
1
0
32
4
1
0
0
13
0
0
0
3
0
0
2
0
4
1
144
6
1
0
0
1
0
22
1
1
0
0
580
0
0
3
0
64
11
3
0
1
2
5
0
0
42
0
0
10
0
3
3
0
0
2
45
2
12
1
8
1
7
1
0
23
9
0
0
95
5
0
0
2
0
0
0
0
97
162
0
0
65
44
5
2
0
0
0
0
0
137
5
2
1
0
126
4
0
25
34
0
0
13
0
71
2
0
72
215
150
2
0
2
5
11
37
7
7
0
317
0
5
0
10
0
41
5
0
10
0
0
0
52
4
16
2
1
1
0
1
0
2
0
0
1
0
8
0
6
0
4
1
13
0
4
0
0
0
61
0
5
4
0
6
0
158
0
14
1
2
0
725
9
1
1
0
3
0
19
22
0
18
5
3
1
13
0
61
0
2
1
1
1
0
4
0
9
1
0
0
7
2
0
1
0
0
0
3
21
6
11
2
14
0
1
24
683
41
0
644
0
4
20
103
1
32
488
1
0
0
1
8
2
1
0
11
17
0
15
17
6
130
112
50
65
7
1
0
0
44
80
0
151
7
0
0
0
0
0
20
1
0
0
0
1
3
1
1
96
0
3
0
0
1
19
0
12
84
307
2
0
8
0
83
21
0
0
1
2
65
11
0
9
59
4
2
0
4
76
0
0
368
1
0
0
1
0
0
33
1
6
0
0
1
0
158
2
0
258
4
8
3
0
0
0
3
33
0
0
30
2
3
42
4
61
55
44
20
2
22
59
58
0
15
1
93
2
6
1
4
0
9
6
280
4
42
0
24
12
0
10
6
449
15
3
0
17
2
0
0
0
1
0
123
0
140
7
0
18
0
58
0
10
0
0
0
11102
0
0
4
1
49
81
57
1
1
0
1
0
12
0
2
10
30
9
0
0
0
0
0
1
6
5
15
2
0
115
120
31
26
6
35
2
0
7
1
0
0
16
0
0
25
0
16
0
26
30
26
1
0
39
1
0
0
0
20
1
0
681
7
112
0
532
128
1
0
0
0
45
0
0
3
1
1
76
0
14
18
2
0
6
4
19
2
44
0
6
0
3
0
2
98
1
3
4
115
517
80
0
35
1
0
25
0
1
377
469
0
0
0
0
0
0
2
0
1
1
0
1
57
1
154
0
0
0
0
0
68
2
1
2
0
0
2
1
1
90
1
0
529
0
10
0
78
0
11
0
1
5
0
9833
0
9
38
0
2
57
11
0
1
12
0
1
2
1
0
1
3
13
2
0
1
340
0
0
0
51
0
1
8
3
0
24
25
1
0
0
0
4
3
12
0
0
0
50
0
0
12
12
7
1
18
0
0
6
0
6
4
0
15
10
2
75
1621
8
0
0
7
8
0
0
3
97
0
1
0
112
3
0
0
10
2
0
1
0
0
1
97
0
0
0
737
0
13
0
0
1
437
63
5
16
2
13
0
120
1
122
0
0
36
0
2
3
105
2
0
7
87
0
2
33
0
10
577
0
6
0
765
0
0
12
40
36
0
3
1
5
2
31
1
31
28
0
3
0
9
18
0
1
0
8
1
0
0
92
12
0
4
1
0
141
1
0
3
0
0
0
3
374
1093
0
0
2
0
0
14
0
2
0
0
1
0
0
1
0
9
600
0
2
315
2
3
0
0
0
0
6
6
5
1
8
38
20
65
148
0
0
1
15
7
0
1
1
0
38
0
1252
2363
0
2
1
0
39
14
0
0
0
1
0
0
303
0
1
4
0
37
27
22
25
18
3
71
0
131
7
6
26
948
0
2
0
71
0
0
205
5
0
0
0
0
0
0
0
0
0
0
6
0
0
0
0
0
20
1
19
126
0
0
2701
22
3
4
0
97
25
18
1092
0
0
0
8
23
47
31
12
11
36
0
0
3
1
2
0
10
4
1
11
0
0
29
1
14
2
1
0
8
82
2641
3
1
3
0
5
9
1
99
0
8
2
0
16
120
0
7
13
412
41
2
755
15
7
2647
1
1
2
24
1
0
0
0
1
0
0
1
20
14
126
21
0
506
2
2
1
15
5
6
1
0
19
0
0
3
6
74
6
1
0
0
6
9
19
15
212
0
1
0
1
3
21
0
0
157
0
4
0
22
8
0
37
0
0
0
34
1
8
0
10
0
1
1
0
0
590
0
3
19
27
1
0
115
40
0
3
3
1
0
0
4
13
97
1
64
0
0
0
51
0
0
1
6
0
0
0
13
25
1
8
4
2119
0
5
0
0
0
1
516
0
30
190
0
1
2
2552
60
2
0
0
230
127
0
0
0
0
3
0
22
0
8
0
504
1
1
3
1
0
1
0
1
1
0
12
1
0
9
3
0
2
0
1
94
7
3
4
1009
2
0
183
0
3
116
0
15
1
0
0
4
2
0
5
42
2
15
71
0
1
0
0
81
7
1
187
3
3
0
56
2
0
34
282
2
55
0
2
70
1
0
336
1
58
0
0
0
1
10
18
0
0
0
0
1
3
0
435
289
0
2
5
1
1
0
2
0
4
4
2
0
0
1
0
67
136
5
39
1
0
11
853
0
1
0
0
0
239
9
5
8
0
8
8
0
1
27
1
27
5
0
3
0
120
0
41
198
3
448
1
1712
0
0
1017
38
4
85
2
8
11
0
0
0
0
1
16
0
0
0
1
44
0
2
1
0
23
308
45
74
669
14
23
7
0
57
46
0
24
0
174
42
41
9
0
0
0
3
1
0
83
1
0
74
30
7
37
9
0
0
8
102
19
0
39
9
4
8
23
0
0
1
1
16
0
0
1
6
0
0
2
21
0
356
277
559
5
2
0
0
0
0
1
0
0
0
0
1
40
915
1
0
2
2188
108
40
0
0
34
2
11
10
0
0
1
16
13
1
0
2
0
5
0
3
28
909
2
93
0
5
3
0
0
2
40
3
0
0
10
22
4
2
1
0
15
11
0
0
4
1
1
2
847
186
20
0
0
0
0
468
4
11
0
429
0
2
0
1
20
1
477
0
19
3
3
0
22
0
0
1
0
10
35
0
0
8
0
0
3
1
3
125
0
0
2
185
0
48
0
1
0
248
0
2
1
0
452
0
124
175
0
18
5
0
0
10
1
1
14
260
1
0
5
5
6
0
3
0
6
277
5
1
1
1
0
5
37
0
0
0
0
0
9
0
0
84
21
0
0
0
2
5
0
1
0
3
4
0
18
0
4
10
33
0
18
0
0
0
12
0
0
0
0
0
0
0
35
26
0
1200
3
3
0
1
38
45
13
4
345
19
34
0
12
88
0
25
0
103
0
8
8
54
20
19
17
7
4
75
3
3
49
160
2
0
43
5
0
0
0
0
0
5
30
103
2
6
17
0
4
1
106
0
5
2
0
0
0
6
0
1
0
0
8
40
840
168
1
98
3
0
0
13
4
7
1425
6
135
1
1
14
3
10
0
2
2315
1
0
9
5
18
2
33
0
2
1
7
7
5
24
0
126
0
0
2
0
561
3
0
10
7
0
5
0
0
44
2
0
19
0
5
2
0
61
175
3
0
59
0
3
9
20
6
5
9
8
0
34
0
3
0
1138
0
117
0
107
50
0
0
2
5
0
1
0
4
1
4
0
0
0
1
0
112
1
0
0
0
942
401
2074
3
0
7
3
3
5
14
76
0
0
0
0
12
10
0
0
6
3
74
14
59
0
0
0
76
30
0
1
0
6
0
5
0
12
0
0
0
0
1
0
24
23
15
42
3
29
397
0
0
0
96
3
15
1
0
0
2
123
0
0
0
0
322
0
4711
0
0
139
308
19
1
1
0
0
62
0
0
5
25
0
1056
0
0
2
34
2
0
1
0
2
28
1
3
752
0
0
0
4
0
0
7
2
19
0
67
2
0
0
13
16
2225
3
5
2
0
0
0
5
0
0
216
0
6
60
1
0
1
103
0
0
6
0
1946
0
0
9
0
3
7
9
1
0
0
64
0
12
15
0
0
5
0
0
0
16
0
8
0
2
1
85
1
0
0
0
7
1
240
0
1
0
0
21
0
7
317
0
38
19
140
0
0
2
1
8
0
1
8
0
0
6
14
0
14
9
0
24
698
0
3
3
0
0
0
1
0
0
515
6
0
1
0
0
8
0
0
73
3
0
13
4
91
0
2
139
0
1
43
37
7
5
8
1
0
4
0
2
20
1
64
0
19
39
4
0
11
0
0
0
56
2
49
24
0
0
8
0
65
202
0
2
0
135
5
0
4
1
3
2956
46
1
1
0
5
21
1
0
4
0
0
10
0
1629
0
0
0
0
0
90
112
36
0
4
21
1
66
80
0
83
288
7
5
0
2
483
23
0
3
14
3
1
2
0
0
0
0
0
27
9
0
2
34
72
0
0
0
0
20
0
24
0
28
1
0
0
1
1
0
12
0
13
0
5
0
0
3
0
9
1
0
0
3
0
0
0
129
1
40
0
0
18
10
0
19
3
0
2
2
0
2
2
0
0
1
3548
4
14
7
0
253
0
1
0
0
3
2
0
5
2
0
0
0
73
0
13
0
0
0
2
6
0
67
1
0
0
1
5
0
47
3
0
40
40
66
1184
0
5
0
0
29
0
530
3
0
1
10
1171
1559
0
0
0
0
13
34
0
1
0
1
0
73
25
0
0
9
6
47
12
0
16
2
2302
21
0
0
30
0
2619
12
116
3
0
73
9
31
2
0
1
9
0
0
0
442
0
25
0
3
25
12
0
6
46
0
1
892
5
17
2
1
0
2
0
0
16
0
16
45
269
0
1
4
0
0
1
1
0
1054
0
2
0
22
56
1
0
0
1
41
14
31
12
4
0
1
0
36
3
0
0
247
3
1
0
0
46
16
6
0
274
0
0
1
13
6
0
3
9
901
20
1
1
8
8
107
0
4
56
3
12
0
0
0
3
0
0
26
0
14
4
1
0
0
1
6
0
93
53
106
0
179
0
5
72
0
0
0
5
7
1
1
115
102
0
0
17
0
0
0
0
4
9
0
0
0
34
0
14
138
26
3
0
0
44
0
1
0
4273
0
44
4
0
270
1
5
777
0
51
0
0
0
590
0
1
0
0
3
7
0
0
9
4
40
23
2
2
1
11
7
15
19
0
110
0
0
69
23
0
0
0
1
80
0
37
120
0
0
0
2
0
18
3
23
0
0
0
105
0
0
472
0
0
8
0
508
0
54
50
868
0
11
0
1
4
4
0
16
0
1
8
1
0
3
23
39
0
2
0
0
0
2
0
0
21
81
23
0
1
0
0
0
880
0
0
0
15
22
1
0
0
0
3
108
0
0
42
24
0
0
0
216
0
1
0
13
28
2
0
0
0
0
180
6
1
25
2
0
18
654
3
0
1
80
7
0
2
2
0
1
19
12
6
21
0
0
5
4
0
10
0
1
2
208
91
0
0
6
100
0
4
1
0
20
11
99
0
0
55
5
40
0
0
7
0
0
3
8
137
26
0
0
5
8
3
18
3
0
5
8
0
0
1
5
0
0
1
357
9
0
27
4
0
1
20
0
22
3
15
24
0
9
47
0
0
4
7
2
20
0
1
2
3
2
135
0
488
76
0
0
0
1
285
2
0
12
0
2
0
4
4
129
8
1040
21
1
0
2
0
1
2
10
1
5
2
87
562
2
39
0
0
0
17
0
50
1
0
1
0
42
0
0
1476
1
2838
36
1
0
7
1
800
0
1
10
0
1
25
45
0
2
8
26
919
4
0
0
86
1
0
3
2
91
9
0
2
0
7
0
312
250
1
32
0
0
7
39
2
0
0
1
0
0
188
0
1
28
0
0
0
0
2
244
341
1
1
0
24
0
1
0
0
0
0
433
1
0
4
4
39
0
8
3
3
4
0
0
0
0
2
0
0
0
0
0
0
6
0
13
16
0
0
0
0
0
10
0
0
20
339
195
2
4
0
0
108
0
1
78
0
18
43
5
56
3
4267
1
0
5
0
0
29
1
0
0
26
0
269
81
40
66
74
2
336
0
3
6
0
0
562
182
1
0
42
0
2
0
224
16
3
1
0
0
45
4
0
3
1
1
0
21
5
0
1
61
7
0
0
208
0
342
1
0
205
1
11
0
0
2
0
0
0
0
0
1
323
0
0
0
1
2
0
0
0
0
1
13
0
0
0
0
11
0
264
1
0
5
1
0
4
0
0
73
40
15
54
0
0
8
0
0
150
0
79
3
0
6
0
2
30
23
0
10
0
15
0
11
1
0
0
0
0
0
3
4
12
20
0
0
82
3
0
0
10
3
1
1
26
4
0
2
0
26
365
3
6
2
0
0
0
26
0
3134
0
13
11
0
0
104
32
44
1
0
38
23
1
0
0
2
0
3
0
46
1
0
89
116
0
0
2
0
4
27
43
0
6
0
28
46
9
4
0
50
0
8
0
0
2
23
1
10
7
13
2
8
4
0
0
56
0
31
0
0
1
0
0
0
31
2
85
5
519
0
1
261
0
9
126
26
12
5
135
61
7
3
1
0
80
0
0
8
71
27
0
0
4
0
1
0
0
116
0
46
0
0
0
0
0
0
0
0
2
3
6
0
4
7
252
59
0
1
20
5
1
1
3
0
7
308
5
1
70
8
46
838
0
2
38
0
2
3
0
3
9
5
421
234
0
17
8
44
0
425
0
3
11
2
0
14
0
2
2
1
0
60
0
8
137
1
46
6
7
0
1
0
0
2158
0
29
16
1
0
8
7
5
5
0
4
3
9
13
125
14
0
72
1
0
144
4
0
17
14
0
0
42
15
0
2
798
2
0
0
1
0
2
1
0
1
15
14
54
0
8
6
6
618
136
1
21
4
18
4
0
12
1
16
369
0
0
0
0
380
1
0
2
0
1
3
0
0
4
7
228
1
101
0
0
1
9
83
0
0
5
1
1
0
2
231
2
60
2
6
0
0
9
0
1
10
0
108
31
83
6
42
8
33
32
96
140
0
34
0
0
55
0
20
2
0
31
2
0
0
0
11
0
7
31
1
3
4
1
0
0
0
1
0
18
1
0
32
0
0
15
282
1
0
0
0
152
0
6
2
0
52
249
2
44
0
0
0
0
0
0
511
1
13
85
0
0
15
1
0
0
0
0
1
468
1
13
0
55
0
4
127
15
12
0
0
12
0
0
0
1
1
29
1
3
1
0
815
3
0
0
0
3
18
9
4222
65
67
0
2
0
5
0
0
256
0
0
26
1
0
0
1
24
0
0
4
8
2
2
8
413
1
0
0
3
57
9
1
0
41
1
1429
0
21
0
0
4
0
14
18
0
28
31
0
0
0
35
0
0
0
0
113
82
4
0
0
9
0
0
0
23
1
0
7
3
151
63
23
0
468
43
0
0
26
0
0
0
0
0
0
2
0
0
0
7
1
15
0
0
2
411
177
0
0
0
8
3
165
0
57
0
4
69
0
1
0
4
12
6
0
0
1225
1189
6
0
0
0
9
1
3
5
208
0
0
0
0
0
0
2214
1
2
72
5
0
0
24
5
0
10
8
0
24
0
41
11
8
5
0
1
0
228
87
12
0
0
72
15
18
0
2
0
0
11
1
0
0
0
4823
0
4
0
0
37
0
3
5
1
4
1
46
0
10
1
0
0
1
0
0
13
0
5
0
1
45
0
23
127
4
110
1
0
1
2
4
0
4
0
0
1
40
0
0
3
2
20
0
17
8
0
1
11
0
489
2
206
0
0
0
20
0
0
3
9
0
0
0
680
24
119
0
0
8
0
596
2
83
4
556
0
0
0
4
20
39
21
188
0
0
0
0
0
56
0
2
0
3
0
1
0
759
2
4
1
216
0
4
0
0
0
3
331
1
0
65
0
0
27
4
0
0
4
2
0
0
1
3
0
0
0
0
39
9
304
0
41
2
1
4
2
0
12
0
0
0
4
20
1
0
6
0
8
3384
1
2
0
0
0
7
11
3
22
0
20
307
0
5
0
8
0
5
45
2
0
201
107
0
0
81
4
12
14
13
1
1
13
132
5
0
5
0
0
0
0
0
0
0
1
2
0
0
313
478
3
168
164
4
58
1
0
0
0
0
37
7
0
14
5
0
5
7
110
0
20
10
0
764
10
8
0
10
0
10
6
2
2
0
0
1
0
1
1
0
0
2
19
2
0
1
0
8
0
403
1
0
0
0
6
47
1
107
227
12
0
259
9
5
1
2
2
47
0
0
1
154
7
2
0
17
2
0
1
22
0
0
0
11
0
0
18
53
6
13
0
0
0
16
13
364
8
1
368
0
1
2
0
412
2
0
0
0
38
0
1
6
0
78
80
6
3
2
4
19
230
0
1
0
40
3
0
1
0
54
35
0
7
978
0
4
18
0
8
1
4
434
23
0
37
1
7
0
20
1
8
1
0
0
9
2
0
2
53
13
0
2
9
1065
45
5
334
3
3
0
2
5
0
0
29
0
1
1
0
0
0
10
13
8
221
0
3
402
0
5
0
0
2
33
3
2
0
2
22
22
22
4
0
0
27
0
0
0
1
0
41
1
1
0
4
3
0
1583
0
0
0
26
81
16
0
71
284
2
2
5
1
0
3
2
67
0
0
4
10
0
0
1052
13
3
135
39
28
3
0
0
0
181
0
0
0
3
0
1
27
0
2
265
228
1
2
1
0
0
0
141
131
1
0
0
78
3
0
0
0
0
6
0
8
3
0
1
0
0
10
3
32
23
0
2
0
1
8
2
0
85
20
0
1
48
4
8
4
0
28
0
2
1
0
2142
0
1
0
17
0
0
0
14
32
0
3
28
44
8
2
14
34
0
18
0
3
0
8
22
0
96
16
460
1
0
0
0
0
1
39
0
2
0
0
173
2
3
20
1974
1
134
416
88
2
6
0
0
0
1
12
0
2
0
0
6945
5
1
213
0
0
28
11
0
0
5
0
32
139
5
43
57
1
318
6
118
0
0
0
0
1
842
0
0
47
0
109
728
36
100
4
14
0
2
0
0
4
0
2
0
0
0
0
0
7
1
3
3
0
0
9
1
0
0
4
0
0
9
8
7
0
2
0
2
4
2
0
2
3
1
0
5
0
0
89
134
0
11
35
0
0
23
7
20
0
78
3112
17
0
3
0
0
73
6
4
3
0
19
18
5
0
11
7
3
7
5
347
0
0
0
0
2
0
10
0
0
0
0
5
2
0
77
0
4
1
25
2
24
423
0
0
6
0
11
0
86
0
0
8
7
1139
0
1
1
2
12
0
0
0
6
0
829
8
0
1
3
0
0
2
0
9
0
2180
0
17
48
0
1
0
1
2
0
0
6
93
0
6
716
84
45
0
9
0
0
4
0
0
1
0
2
6
1106
2
417
1
0
0
0
0
197
2
6
1
11
1
2
23
0
77
5
9
4
2
37
0
0
1
0
0
1
75
1
2
10
1
0
12
0
206
0
0
2
2
6740
0
0
0
0
0
56
2
0
250
1
0
0
18
37
8
3
2
15
627
0
2015
2
0
0
0
169
0
11
6
5
0
2
21
0
46
0
0
4
2
491
35
0
212
0
1
5
0
0
0
4
0
0
16
9
1
0
4
0
14
1018
0
172
119
0
0
0
628
100
0
0
17
1381
2
1
119
4
0
0
15
13
0
0
27
4
176
0
1
1
2
0
9
0
59
1
0
0
50
4
2
0
0
0
378
1
3
0
0
265
9
0
0
0
1
4
27
0
0
1
0
3
1
12
132
5
14
0
32
0
0
0
0
4
0
2
0
1
0
0
26
55
3
54
8
0
0
624
0
16
27
0
0
0
1
202
4
2
77
4
9
0
0
3
3
2
0
9
4
0
26
0
14
0
16
0
0
13
4
6
0
9
1
0
0
1
3
349
3
132
0
135
0
6
0
488
7
9
29
54
227
188
2
3
0
4
0
5
7
0
0
2
0
0
5
0
1
7
137
0
0
0
0
272
18
0
0
0
4
2
10
0
1
0
6
97
5
6
10
72
2
24
0
19
52
3
12
1061
287
5
15
0
0
75
10
29
0
1
3
0
23
0
207
6
0
0
0
35
0
677
4
1
1
0
4
0
65
43
0
18
4
0
0
66
6
0
34
11
4
0
1
1
56
2
4
0
5
20
0
0
0
18
1
2
0
0
93
17
35
46
0
6
2
14
3
0
13
1
1
19
5
292
0
0
0
4
2
6
0
11
3
0
1
0
11
6
0
0
8
0
179
1
0
0
0
0
23
0
20
0
0
1
0
12
3
7
45
463
1
0
0
0
1302
0
5
0
0
0
0
1
0
0
6
3
7
23
12
1
0
0
13
1
16
9
8
0
0
0
2
0
0
0
2
166
2
0
1
44
3
0
4
0
1
0
0
1
6
1
0
2
0
1
0
1
23
2
0
181
0
1374
1
0
3
19
9
0
0
15320
1336
5
698
0
0
1701
1970
1
179
1
5
17
0
10
8
0
0
185
0
15
0
13
33
2
0
0
62
8
6
0
22
38
8
13
0
2
25
160
1
0
2445
3
0
7
0
3
42
5
9
8
13
235
145
0
1
13
1
0
0
121
121
15
2
16
0
2
8
0
30
18
0
2
9
281
2
0
1139
2
0
0
1
2
0
1
7
327
0
20
8
1
4
12
1
57
0
3
3
23
0
2
0
0
0
0
5
0
52
2
1
0
33
0
0
2507
76
7
2
16
127
36
1
49
0
5
23
0
0
42
1
85
4
0
64
18
0
0
18
0
2
4
1
123
31
3
43
0
1
256
1
0
31
1
28
189
28
7
3
6
0
3
21
0
1
4
11
0
0
0
452
2
1
65
13
0
14
2
0
11
144
24
335
2
0
2
62
3
0
2
0
2
85
0
1
1
44
1
624
2
232
1
7
22
0
0
0
905
0
2
23
17
0
2
14
0
0
80
0
17
17
2
0
0
24
0
0
5
32
0
1
0
0
0
15
1
37
42
0
0
0
103
1
0
0
1
0
6
7
18
0
0
0
10
136
7
32
1
0
17
287
50
0
0
0
0
0
4
6
0
399
5611
0
4
0
0
0
4
43
1
37
0
0
32
0
0
0
7
31
1
3
0
0
0
1249
5
21
379
1
0
2
0
1
0
0
1
0
4
0
10
0
0
0
0
18
3
3
0
5
0
5
12
151
0
0
0
6
3
50
1
2
559
57
1
1
0
0
29
0
0
0
10
0
2
29
9
0
0
4
0
0
0
9
1
1
2
11
0
0
1
596
30
0
0
3
7
0
2684
0
0
0
0
0
0
0
1
2
0
0
462
1
11
18
218
0
0
0
2
0
1
161
45
6
0
3
16
0
0
4
0
3
0
66
0
432
0
42
1
255
0
0
280
136
1
0
1
0
2
0
0
2
0
5
0
0
4
3
10
0
0
1
0
21
31
62
8
1
1
5
31
30
4
6
33
0
25
0
0
47
0
0
228
63
10
0
399
1
0
18
15
2
0
9
2
15
0
7
3
0
5
20
346
0
7
7
30
4
29
9
3
0
0
21
5
21
0
0
0
0
81
0
0
1
392
11
0
5
0
0
1
86
8
12
19
5
641
20
4
7
1
1
5
280
0
9
0
0
0
0
0
3
0
0
1
1
0
4
0
5
1
0
2
0
1
12
0
0
0
0
0
14
19
9
0
6
5
50
0
0
4299
270
7
8
29
0
0
1
1
0
0
4
5
165
2
3
1
3
0
16
41
0
0
0
19
40
3
2
0
35
2
0
99
0
1
0
20
614
114
922
298
0
181
0
1
8
47
19
1
49
0
3
9
0
10
295
1
40
1155
0
16
1
2
0
4
167
0
20
1
56
0
2
763
5
0
0
0
0
4
1
4
12
1
12
2
12
0
5
0
49
37
1
0
0
0
1
0
1
1125
0
4
22
15
0
0
4904
3
9
0
0
18
0
0
0
0
0
324
17
3
740
0
188
0
0
30
1036
1
0
4
0
252
2
8
0
0
3
1
0
20
7
5
0
1
0
36
47
41
0
59
168
0
9
9
1
2
0
81
0
1
0
95
15
2
4176
0
0
218
0
0
3
0
0
0
8
17
3
0
0
0
17
0
0
23
0
32
6
5
2
8
0
0
575
0
86
0
0
50
1
5
5
0
10
15
13
0
24
0
24
0
14
2
4
2
26
0
36
27
0
67
1
9
75
116
0
4
1
1
20
15
8
1
0
0
0
19
330
2
0
1
8
4
2
468
1
29
0
0
477
0
192
17
0
0
3
0
0
219
0
4
6
5
152
97
0
0
1
22
5
50
34
76
53
0
0
6
1
0
0
19
6
539
0
0
1
3
0
5
45
14
0
0
37
8
0
3
19
0
0
2
9
0
31
11
0
13
0
0
1
22
16
0
3
2
47
44
11
6
0
0
16
66
16
4
5
0
1826
147
0
17
12
0
0
13
0
0
19
5
0
18
305
3
281
10
0
0
2
1
2
67
13
0
39
1
0
42
70
1
2
12
5
25
4
21
5
36
0
0
1
1
5
0
3
33
0
134
6
0
0
1
0
19
16
6
29
1453
0
57
16
1513
15
63
2
2
5
1
412
0
6
0
8
1
9
0
0
0
0
17
0
15
4
0
0
2
43
7
12
0
45
0
0
0
0
128
40
0
280
19
8
0
0
1
0
12
1
0
3
5
163
6
0
1
4
0
19
5
4
0
0
0
5
4
0
23
1
4
0
0
52
0
16
243
9
0
0
3
115
77
0
0
0
4
2
0
0
2
9
10
2
2
0
5
4
1
611
210
8
928
0
11
5
19
15
2
116
2
0
0
6
11
11
0
0
572
5
17
20
8
0
23
0
0
2
0
4
133
1
9
28
2
0
8
5
2
0
1
0
0
1
2
3
238
3
1
1
0
3
1
1
1
0
0
8
0
0
0
0
0
0
0
1
1
0
11
6
0
4
19
3
1
0
4
0
4
11
0
3
2
1
0
0
1
0
169
0
4
1
44
0
5
1
0
0
1
0
0
1
36
3
0
0
160
2
3
4
8
14
7
7
0
0
0
9
30
6
9
8
1
21
0
4
12
2
9
0
38
221
1
1
0
0
0
57
162
0
1
0
0
0
0
0
0
0
2
16
0
0
3
134
1
0
68
3
0
1
2
53
0
18
2
7
7
0
32
162
0
0
11
11
0
0
1
98
2
32
39
2
0
0
3
3
0
0
10
0
0
14
6
1
128
1
0
6
0
25
2
2
1
18
92
9
16
0
3
1
0
0
1
11
0
0
2
8
0
8
68
27
1
1
1
16
63
0
33
29
1
22
30
356
110
4
1
2
0
48
0
2
11
0
0
24
93
2
1
16
0
0
4
1
116
1
0
0
4
4
5
715
0
0
0
3
1
0
0
1
0
1
1
1
2
109
0
99
0
0
25
3
3
0
34
5
0
0
0
0
0
4
19
0
0
26
3
41
3
1
0
36
5
0
0
0
8
0
3
9
2985
0
0
2
0
0
0
0
0
10
87
7
0
0
0
399
299
3
4
28
10
481
0
0
1
0
321
3
2
16
6
4
1
6
0
1
1
0
7
6
0
0
0
0
0
630
2
42
16
23
0
0
0
0
4
6
0
0
0
1
0
0
2447
5
0
0
0
6
1
0
1
20
36
2
24
4
0
1
0
2
1
10
34
10
51
12
6
7
0
0
1
0
21
73
70
0
28
8
19
11
122
0
0
3
0
80
1
20
0
0
3
3
720
6
1
1003
4
0
318
0
0
2
0
26
2
70
4
0
211
0
1
2
0
0
5
27
0
42
0
108
0
0
0
1
0
102
0
17
90
32
7
4
9
0
11
21
0
0
0
0
39
27
2
0
0
3
20
50
0
0
13
16
5
1
0
0
3
1
6
1
3
19
0
15
2
43
0
16
0
21
0
210
0
2
1
0
0
40
2
6
558
0
1
0
0
4
2
4
0
46
3
0
0
0
2
1
5
467
61
0
416
0
3
65
0
0
0
0
14
0
15
0
3
0
0
36
622
584
0
422
1
1
2101
1
0
1
4
0
0
0
0
49
33
0
7
32
33
7
71
0
15
2
0
9
1
0
63
34
0
7
4
15
2
0
20
0
0
831
0
1
0
18
0
1
2
10
9
0
11
30
0
16
0
0
1
0
0
0
1
8
0
10
0
0
0
0
0
0
0
0
1
0
0
0
16
0
102
0
5
35
0
0
1
27
0
0
1
0
1
0
0
0
9
0
0
0
0
1
32
1
1029
41
5
1
0
202
0
8
23
7
98
0
0
0
124
6
0
0
471
4
2
0
17
1
1
14
0
12
13
3
79
0
20
22
1
0
14
1
0
17
894
153
0
0
0
0
1
0
0
0
2
44
0
0
5
0
0
0
12
1
3
0
178
27
1998
0
1
0
28
344
39
2
2
2
0
1
187
24
0
0
0
0
0
0
43
12
0
0
0
150
29
1
9
2
0
0
29
3
15
7
1
5
0
271
0
0
90
21
39
0
0
0
0
46
9
0
2
0
0
6
0
8
4
0
2
1
0
2
0
0
1129
1
0
7
0
0
0
28
84
13
9
10
0
42
4
1
33
400
0
0
2
114
0
82
0
7
0
0
0
77
2
0
117
14
1
1
0
10
0
2
1
180
10
0
0
3
0
0
0
6
33
3
3
1
10
0
6
0
4
0
7
0
0
2
29
5
0
0
1
2
0
1
14
3
0
3
3
1
0
25
0
3
1280
2
13
0
0
38
11
7
0
0
2
2
0
0
1639
2
2
3
1
0
1
45
0
0
0
5
259
0
15
21
0
6
9
22
14
0
7
0
19
0
0
0
0
3488
1
5
7
0
18
1
4
1
0
0
5
0
1855
1
0
63
681
0
0
0
1
0
6179
172
1
1
0
38
0
0
99
138
0
0
1
1
1
2
1
4
0
4
4
229
0
75
1
431
12
46
0
136
0
0
6
4
0
0
4
7
439
2
0
0
0
0
13
0
0
62
0
40
0
9
0
5
4
58
0
0
0
1
347
0
0
0
1
0
0
2
3
0
39
2
327
16
0
84
2
0
0
2
0
3
0
0
2
5
0
24
0
0
0
39
9
0
17
5
94
18
0
0
0
1
170
0
11
0
2
10
18
0
936
3
21
3
1
15
76
3
1
0
9
1
0
2
1
0
39
0
7
4
32
0
2
0
179
1
0
76
0
0
4
0
0
5
2
21
0
19
1
0
1
32
1087
0
1
1
15
20
0
0
0
0
2
0
0
0
0
0
3
1
6
0
0
0
2
2
0
4
0
0
1
0
0
7
0
13
3
1
288
2
2
0
23
0
0
9
0
19
1
1508
19
0
0
2
41
0
23
1
0
0
8
2
91
0
1
11
25
0
86
28
0
0
0
0
28
4
0
174
43
2
0
774
2
0
0
20
2
1
0
0
6
0
1
287
0
83
2
2
0
20
1074
5
46
0
0
1
0
0
3
0
0
1
0
0
13
0
492
2
9
0
1
15
3
0
1
5
0
82
0
1
3
0
0
0
54
0
9
0
12
4
1
0
902
0
88
0
21
1
0
27
13
4
40
1
0
4
0
0
0
1
2
6
0
0
10
0
0
0
47
0
283
0
326
0
3
7
403
3
0
0
0
3
630
0
0
36
20
0
26
1
21
1
14
0
4
1
29
0
2
5
1114
8
13
100
15
123
0
0
0
3
56
0
27
2
0
0
8
0
19
5
0
0
3
0
0
18
97
1
4
17
0
0
0
10
2
91
460
3
17
4
3
1
8
20
6
3
11
5
0
0
1
2
0
47
0
4
0
0
18
29
441
9
0
0
1170
7
3
3
0
0
1
1
72
17
71
20
0
2275
0
0
0
0
0
175
7
0
0
14
0
38
0
1
1
0
0
0
2
0
1
0
9
10
0
9
6
2
0
0
0
42
0
0
0
2
0
3
2
0
0
0
17
2
0
1208
0
1
0
0
0
0
0
0
0
3
51
2
2
0
0
48
0
1
407
36
1
2
0
2
1
1
0
9
1
0
1
0
1
0
47
1
1
2
10
1
165
4
0
336
340
0
0
681
22
5
799
112
0
0
0
5
0
0
0
1
8
0
0
6
2
0
130
5
0
0
238
0
3
1228
0
2
0
1
8
263
0
733
0
86
8
0
0
2
0
22
252
0
3
0
0
1
16
6
1
0
0
0
0
0
0
1
0
278
1
0
66
0
0
39
1
1
0
1320
41
0
0
0
21
71
5
2
0
149
0
7
0
1
0
17
5
9
0
51
1
569
0
0
10
0
2
0
0
7
0
22
4
0
0
1
1
0
22
6
3
0
0
0
516
0
0
0
7
32
11
5
0
0
5
8
74
5
1
4
1
0
0
0
0
41
62
2
50
0
6
6
0
0
0
2
8
0
43
967
1
2
58
6
1
3
0
2
0
0
209
446
3
0
0
6
0
0
124
6
0
0
5
31
170
5
0
92
3
55
0
1
20
9
0
0
0
0
2
8
88
107
45
11
2
0
126
20
0
12
0
2
2
27
8
0
0
2
0
1
0
20
0
200
2
0
0
7
1
0
7
21
46
2
13
0
241
0
755
7
58
0
1
0
0
11
8
0
12
45
3
29
76
6
3
15
0
110
0
0
1024
120
11
3
7
2
15
9
3
0
41
0
0
2
2
18
0
745
44
1
0
0
0
19
7
2
59
0
0
1
0
0
0
0
1
3
4
1
0
2
1
0
8
0
18
0
10
132
0
44
4
16
0
3
0
0
0
6
3
7
0
227
44
0
0
7
0
0
0
487
47
0
12
0
0
1
0
4
15
24
17
0
0
595
1
552
3
11
3
1
3
0
1
8
0
3
0
0
5
6
0
472
1
0
1
0
0
7
8
5
171
852
1
1
11
0
4
7
0
2
30
100
1
0
0
760
0
14
1
16
81
9
0
79
110
0
106
159
67
0
1
6
6
3
5
0
3
0
0
1
7
0
0
0
0
4
200
0
1563
0
2
5
25
1
6
3
1
0
0
88
11
323
0
0
4
21
11
0
1
0
30
0
18
0
0
3
0
1
19
0
6
2
0
0
28
0
6
0
22
0
0
10
3
39
2
47
38
1
6
453
1
1
0
0
255
1
0
1245
426
1
22
2
1
2
29
78
2
69
0
0
4
0
1
0
63
2
0
0
3
0
203
0
0
251
569
0
138
1
0
0
0
4
0
2
16
0
0
0
14
1
42
2
0
9
1
9
179
137
2
3
13
34
0
22
0
0
170
0
5
1
24
8
22
0
2
0
5
1
1
3
1
22
13
55
1
2
0
1
2
71
4
1
12
1
1
0
1
93
205
0
36
24
0
0
1
0
58
1
0
4
0
1
4
3
57
0
21
0
0
0
47
0
0
2
0
0
6
0
35
112
0
3
0
0
164
0
3
0
1
44
0
0
1
1
11
0
0
2
2
0
22
3
1
1
3
0
0
0
0
0
0
0
527
168
8
0
0
0
2
6
0
2
0
5
5
322
1
1
17
41
2782
0
1323
0
20
91
1
0
3
3
4
1
0
0
0
0
4
85
1
3
1
0
28
0
0
6
1
12
0
0
22
183
0
0
0
11
1
2
1
27
0
6
0
0
2
0
3
0
6
5
0
62
1
6
8
0
221
3
280
10
17
0
0
12
0
35
5
0
0
1
1
89
0
20
0
1
1
0
18
0
0
0
112
9
1
0
117
2
1
2
69
0
1
275
28
0
0
37
1
16
17
0
0
0
0
283
7
0
0
0
124
549
615
0
0
0
0
108
541
3
0
20
23
0
5
1
0
4
16
15
12
0
237
5
12
0
0
0
1
0
3
81
1
4
0
0
0
0
85
0
3372
0
3
2
1
63
3
2
0
20
0
90
6
202
0
0
4
0
176
0
0
112
3
1
0
41
12
1
0
1
2
31
7
0
1
8
0
0
8
106
0
5
1
0
0
0
7
0
0
0
0
43
119
0
0
0
12
3
6
44
14
22
3
15
2
0
0
444
457
46
2
2
0
0
6
1
10
1821
18
87
0
43
2
24
0
0
8
2
0
7
0
2
13
0
0
5
0
2
0
0
0
7
0
232
14
0
1
103
15
127
14
1
84
17
0
0
0
0
7
0
0
0
3
0
0
88
9
44
3
0
0
0
42
4
0
0
79
0
26
0
0
2
3
1
1
1
0
6
7
19
1
0
0
0
2
0
14
83
1
29
0
30
19
10
4
0
0
0
0
6
0
2
0
149
0
0
733
0
0
0
24
2
1
0
15
11
10
15
1
0
0
68
15
0
126
0
14
45
10
5
1
3
1
0
0
0
946
199
0
0
1
5
8
0
2
0
0
10
10
2
47
15
0
18
0
0
0
58
0
0
16
9
14
1
0
2
1
0
4
1
55
1
1
1837
15
14
0
27
12
0
0
39
1
2
37
9
0
10
3
3
1
2
0
0
17
0
3
0
15
49
0
0
2
0
1
26
26
0
1
0
0
19
2
100
0
8
3
20
1
194
5
0
0
9
0
4
49
137
136
162
24
2
0
227
1
12
1
0
575
0
10
1544
0
41
45
0
16
0
1
6
6
0
17
0
397
8
23
5
80
26
35
1
0
1
2
0
8
2
13
57
0
0
2
5
11
4
1
2
34
0
0
9
9
207
0
0
0
1
123
135
0
1
1
0
55
170
65
185
1
7
0
2
760
12
11
12
0
0
1159
7
0
0
0
1
0
4
0
6
0
2
2
1
0
3
0
1
5
0
53
0
0
0
0
103
39
9
21
0
3
0
140
1
1
27
260
0
4818
19
0
1
9
10
4113
11
2
0
0
8
0
8
0
4
0
0
0
0
0
2
1
3
0
1520
1
40
3
3
1
0
9
0
0
9
0
77
6
0
0
0
0
5
6
19
22
122
2904
7
0
0
598
6
24
18
106
0
1
0
5
0
1
4
12
0
10
0
0
46
0
0
37
7
1
197
0
3
677
0
0
6
4
8
27
458
38
0
0
4
1
2
2
0
236
23
11
0
0
0
10
54
7
5
3
0
20
18
10
1
30
2
4
4
5
1
0
3207
0
0
255
0
0
0
256
23
5
42
46
14
0
1
6
21
21
1328
0
4
0
0
3
1
73
0
0
0
63
1
5
0
560
1
159
0
2
28
0
25
2
1478
0
221
0
10
7
7
3
0
2
2987
2
5
5
5
189
5
6
0
0
138
11
6
24
7
0
21
0
0
1
15
1
1
56
7
13
13
2
267
9
10
4
0
22
18
1
4
5
0
0
0
4365
10
54
0
0
0
224
0
10
0
0
0
1
5
10
5
0
14
1
15
0
16
518
0
11
0
30
0
29
2
5
1
0
21
3
0
24
0
0
7
0
12
275
799
0
140
0
1
0
1
8
0
1
0
0
14
64
1
0
1
1
6
14
166
0
0
84
429
84
0
4
1
1
14
0
7
1
7
1
5
0
1
2
0
0
7
0
8
4
0
4
0
0
0
2
713
1
0
310
89
60
0
0
616
0
0
11
0
0
62
4
0
0
2
0
364
38
0
0
4
2
71
14
1
0
22
0
655
10
2
522
76
7
1
44
0
0
0
55
101
5
0
2
0
2
33
3
0
0
3
0
2
0
0
980
118
38
1
1
8
1
3
0
82
8
72
3
22
0
28
22
1
0
8
7
13
0
5
1
0
0
0
0
0
0
5
0
0
114
26
47
27
75
0
0
0
632
4
2
42
555
0
1
174
0
0
6
30
30
0
6
0
56
6
0
1
12
0
10
52
2762
26
10
0
0
5
1
83
25
26
76
9
651
101
64
14
17
5
13
2
3
4
0
16
0
1455
1
10
0
1
1
5
26
508
9
0
37
0
4
0
0
0
968
24
4
4
1
27
7
1
4
0
0
0
0
0
3
37
0
0
0
1
8
131
24
2
6
10
0
54
0
1
214
1
0
2
5
4
0
34
1
0
1
13
215
0
2
225
0
3
0
6
0
3
33
1
1
13
0
0
1
0
4
156
1
2
662
0
0
8
0
1
0
0
0
6
0
623
2
0
0
42
0
0
0
18
0
3
0
0
1
26
0
4
14
17
1
4
2
33
3
0
87
29
31
306
4
9
9
0
0
0
0
1482
1
32
17
1661
0
3
8
0
2
18
5
0
5
4
0
0
119
1
1
1
1
10
135
0
0
11
0
41
3
29
0
9
31
0
3
0
0
13
7
16
0
3
77
0
0
5
0
83
0
0
26
0
3
0
20
0
0
0
1
1
0
1
0
4
36
0
1
22
15
0
2
0
43
14
2
0
0
0
1
2
74
0
2
1
0
11
127
23
0
14
2272
0
0
1048
27
17
0
12
8
5
0
1
12
14
26
1
1
0
1
5
1
0
14
3
217
3
0
1
12
1
105
0
0
23
0
2
0
1
18
17
2
0
1
0
10
0
1
0
0
6
0
5
232
2
37
0
0
0
109
0
0
0
0
0
4
0
0
0
6
0
0
23
18
0
0
0
0
6
1
0
577
0
2
17
657
0
1
47
0
1
1
15
0
0
4
20
39
17
0
0
3
10
0
0
3
0
6
370
1
7
1
0
0
1
2
18
2
4
207
1
175
0
3
0
0
6
0
1
0
48
0
0
1
11
0
1
1
0
1
2
53
0
3
10
4
1
1
1094
9
0
127
10
87
11
0
0
0
29
0
16
0
1
1
0
235
0
0
385
0
10
0
3451
0
0
0
0
1218
0
18
15
0
102
19
185
0
6
185
3
28
2
25
2
2
1
2
0
55
0
78
1519
3
39
4
3
3
3
0
0
2075
369
0
0
10
0
26
0
0
7
9
0
0
0
2
0
21
5
22
0
1
3
0
2
90
12
8
0
0
21
0
0
0
78
0
7
15
0
2
2
3
20
2
6
0
0
0
135
1
0
20
27
4
0
2
37
1
0
0
0
6
1
2
5
5
0
3
0
0
0
74
0
0
0
1
0
703
0
0
2
0
826
0
1
197
3
1
180
63
1
1
0
0
166
0
12
94
2
13
9
3
2
4
3
613
137
3
9
1
276
2
0
4
15
0
6
0
0
21
11
37
6
0
2
3
6
0
6
9
0
0
0
5
1127
17
1
1
8
61
19
12
0
1
4
1
33
21
4658
1
252
0
146
10
1
0
34
54
0
0
0
0
3
1
1
5
1
87
49
0
10
1
9
4
15
8
0
0
0
75
6
58
8
3
0
0
0
1
0
12
21
14
2
0
4
43
0
3
28
2
0
0
0
0
14
0
8
8
1
4
0
131
3
8
1028
1
0
0
0
0
118
47
441
0
0
10
1
19
2
0
1295
2
0
10
0
0
177
9
0
0
5
0
1
61
3
2
0
6
3
0
0
1
3
15
0
10
0
0
652
4
0
50
39
314
0
1
11
0
0
49
47
2
24
0
77
2
0
0
25
0
0
1
74
0
5
47
0
5
1
0
2
0
1
45
0
15
10
1
1
0
0
1538
0
175
3
1
0
1
0
418
2
4
19
14
0
0
4
77
0
44
204
0
4
30
2
0
17
5
0
50
0
0
9
46
201
0
0
0
80
19
2
769
0
0
1097
1
5
0
12
0
1
1302
30
0
4
39
0
21
35
0
44
934
2
4
1
0
0
8
0
0
1
0
4561
2
0
3
21
3
1
43
2
4
0
0
1
8
4
0
0
13
0
0
274
2
1
0
0
0
0
0
0
0
3
6
1
0
85
411
3
0
1
0
0
1
94
6
3
0
3
8
7
0
0
8
1
0
37
1
24
1
12
0
19
4
2
0
239
27
1
3
0
7
218
19
7
0
7
1
12
0
1
0
0
176
0
0
1
13
0
1
1
0
0
1
11
0
3
1
2
0
1
8
7
1
1
0
0
1
0
0
11
2
40
59
0
13
4
0
0
0
27
1
